0 0.23828125 0.0671875 0.0328125 0.0296875
2 0.2484375 0.1203125 0.0734375 0.04375
4 0.19453125 0.07890625 0.0421875 0.075
5 0.1828125 0.18359375 0.0453125 0.05625
3 0.259375 0.18828125 0.053125 0.078125
1 0.45703125 0.196875 0.040625 0.06875
3 0.42734375 0.1390625 0.05625 0.0703125
0 0.465625 0.0859375 0.0234375 0.0234375
5 0.3890625 0.0828125 0.034375 0.053125
4 0.3859375 0.1828125 0.0421875 0.0703125
3 0.56171875 0.12109375 0.0578125 0.0640625
0 0.60078125 0.11796875 0.021875 0.0234375
4 0.63203125 0.125 0.040625 0.065625
1 0.56875 0.19453125 0.065625 0.03125
5 0.62734375 0.1859375 0.040625 0.053125
1 0.7171875 0.13125 0.0328125 0.0625
3 0.78359375 0.14453125 0.0421875 0.0703125
4 0.75078125 0.1734375 0.0359375 0.065625
0 0.7125 0.18359375 0.0296875 0.028125
5 0.77734375 0.2171875 0.028125 0.0390625
1 0.86015625 0.15 0.0421875 0.0640625
5 0.93203125 0.14375 0.046875 0.04375
0 0.8953125 0.178125 0.0296875 0.0296875
3 0.8671875 0.221875 0.0625 0.0484375
4 0.9234375 0.2234375 0.04375 0.06875
0 0.1671875 0.26796875 0.053125 0.0359375
3 0.2375 0.29296875 0.05625 0.06875
4 0.28984375 0.290625 0.05 0.06875
5 0.27421875 0.34453125 0.0578125 0.03125
2 0.18359375 0.31953125 0.0484375 0.0546875
1 0.12578125 0.31953125 0.0515625 0.0671875
3 0.38203125 0.2921875 0.0578125 0.0828125
5 0.45 0.2953125 0.05 0.071875
2 0.42421875 0.35 0.0859375 0.0328125
1 0.51171875 0.32890625 0.0609375 0.09375
2 0.5640625 0.328125 0.0453125 0.059375
4 0.6078125 0.3140625 0.04375 0.078125
0 0.5953125 0.37578125 0.0328125 0.03125
4 0.709375 0.3390625 0.0453125 0.05625
5 0.7515625 0.33671875 0.040625 0.0546875
2 0.79296875 0.31171875 0.0484375 0.053125
3 0.85 0.325 0.053125 0.075
1 0.89609375 0.31796875 0.0390625 0.0546875
0 0.896875 0.3609375 0.034375 0.021875
1 0.090625 0.4265625 0.0546875 0.0828125
3 0.140625 0.4265625 0.046875 0.075
4 0.08359375 0.50234375 0.053125 0.078125
5 0.13828125 0.5140625 0.0453125 0.06875
2 0.08359375 0.590625 0.0515625 0.059375
0 0.12734375 0.58125 0.040625 0.0359375
0 0.215625 0.41015625 0.0359375 0.0359375
2 0.21796875 0.4453125 0.0640625 0.0296875
5 0.2734375 0.43984375 0.0453125 0.0625
3 0.31953125 0.4390625 0.0421875 0.0625
4 0.36640625 0.44921875 0.0515625 0.059375
1 0.4125 0.446875 0.0421875 0.0625
2 0.50234375 0.4421875 0.03125 0.0421875
1 0.54921875 0.47265625 0.0625 0.0796875
5 0.60078125 0.45390625 0.0390625 0.0546875
4 0.50625 0.5375 0.046875 0.084375
0 0.54765625 0.546875 0.040625 0.034375
3 0.5921875 0.55 0.0421875 0.0625
4 0.66796875 0.46015625 0.046875 0.071875
3 0.7328125 0.4609375 0.0515625 0.0625
5 0.66640625 0.5359375 0.04375 0.05625
2 0.70234375 0.5140625 0.04375 0.04375
1 0.74609375 0.5390625 0.04375 0.071875
1 0.8140625 0.459375 0.0390625 0.065625
5 0.878125 0.45 0.0640625 0.0421875
0 0.871875 0.4875 0.0484375 0.03125
2 0.84375 0.521875 0.040625 0.046875
4 0.80625 0.5265625 0.0359375 0.0671875
3 0.8828125 0.53359375 0.0390625 0.05625
1 0.0609375 0.69375 0.0484375 0.0625
4 0.10234375 0.7 0.0390625 0.065625
0 0.14375 0.69765625 0.03125 0.025
5 0.059375 0.7734375 0.05 0.0578125
3 0.12265625 0.78125 0.0453125 0.0625
3 0.225 0.76171875 0.05625 0.071875
4 0.21796875 0.68515625 0.046875 0.071875
5 0.23671875 0.60859375 0.04375 0.059375
0 0.25703125 0.55078125 0.028125 0.0265625
1 0.2109375 0.55 0.0421875 0.05625
1 0.32578125 0.55390625 0.05 0.0765625
3 0.40703125 0.53359375 0.08125 0.05
4 0.3671875 0.62890625 0.05 0.075
5 0.4140625 0.62890625 0.0390625 0.065625
2 0.3140625 0.68671875 0.05625 0.0546875
0 0.4078125 0.6984375 0.0453125 0.025
1 0.51015625 0.659375 0.0375 0.0703125
2 0.56640625 0.6453125 0.0421875 0.0546875
0 0.61796875 0.65546875 0.040625 0.034375
5 0.66953125 0.64921875 0.0453125 0.059375
3 0.5421875 0.71875 0.084375 0.05
4 0.6421875 0.71796875 0.059375 0.075
1 0.7734375 0.65546875 0.0453125 0.08125
4 0.84296875 0.6515625 0.0484375 0.08125
0 0.79765625 0.68984375 0.0328125 0.0296875
3 0.76484375 0.73515625 0.0453125 0.0578125
5 0.83203125 0.73671875 0.0390625 0.0546875
1 0.30625 0.8 0.0453125 0.0671875
2 0.3640625 0.8046875 0.0625 0.0609375
0 0.428125 0.809375 0.046875 0.034375
5 0.4796875 0.81640625 0.0421875 0.059375
3 0.53125 0.8125 0.0515625 0.059375
4 0.578125 0.81015625 0.04375 0.06875
1 0.65859375 0.82265625 0.0375 0.071875
0 0.68828125 0.85546875 0.03125 0.0328125
5 0.728125 0.83359375 0.0359375 0.0625
3 0.778125 0.84140625 0.053125 0.075
4 0.82578125 0.8359375 0.040625 0.0625