0 0.2015625 0.09140625 0.03046875 0.0265625
2 0.21640625 0.14375 0.0703125 0.0375
4 0.159375 0.10703125 0.0359375 0.07265625
5 0.15625 0.2125 0.03984375 0.053125
3 0.2328125 0.21015625 0.046875 0.07421875
1 0.43046875 0.2015625 0.03515625 0.06640625
3 0.39609375 0.146875 0.05078125 0.06640625
0 0.4296875 0.090625 0.02265625 0.02109375
5 0.353125 0.09375 0.0296875 0.04921875
4 0.35859375 0.19375 0.0359375 0.0671875
3 0.528125 0.1171875 0.053125 0.06015625
0 0.5671875 0.1109375 0.0203125 0.02265625
4 0.59921875 0.11484375 0.0359375 0.06328125
1 0.5421875 0.18984375 0.0640625 0.02578125
5 0.59921875 0.17578125 0.0359375 0.04921875
1 0.684375 0.1140625 0.028125 0.0609375
3 0.7515625 0.12109375 0.0359375 0.0671875
4 0.72109375 0.153125 0.03046875 0.06328125
0 0.684375 0.16640625 0.02734375 0.02421875
5 0.7515625 0.19375 0.025 0.03828125
1 0.828125 0.1203125 0.0375 0.0609375
5 0.89921875 0.1078125 0.04375 0.04140625
0 0.865625 0.14453125 0.028125 0.0265625
3 0.84140625 0.190625 0.06015625 0.04375
4 0.89765625 0.1875 0.03828125 0.065625
0 0.1484375 0.29765625 0.05 0.03046875
3 0.2203125 0.31640625 0.0515625 0.0640625
4 0.27265625 0.309375 0.04296875 0.06484375
5 0.26171875 0.36484375 0.05703125 0.0265625
2 0.16875 0.34765625 0.04453125 0.0515625
1 0.11171875 0.353125 0.046875 0.0640625
3 0.3640625 0.303125 0.0515625 0.07890625
5 0.43203125 0.30078125 0.04296875 0.06875
2 0.41171875 0.35703125 0.08359375 0.025
1 0.496875 0.32890625 0.053125 0.0890625
2 0.54921875 0.3234375 0.040625 0.05625
4 0.59140625 0.30546875 0.03671875 0.07421875
0 0.584375 0.36796875 0.03046875 0.02890625
4 0.69453125 0.32109375 0.040625 0.053125
5 0.73671875 0.315625 0.0359375 0.0515625
2 0.77578125 0.28671875 0.04375 0.05
3 0.83359375 0.2953125 0.04765625 0.071875
1 0.87890625 0.284375 0.03359375 0.0515625
0 0.88359375 0.3265625 0.0328125 0.01875
1 0.0859375 0.4625 0.0484375 0.07734375
3 0.1359375 0.4578125 0.040625 0.071875
4 0.08515625 0.53828125 0.046875 0.07421875
5 0.140625 0.5453125 0.0390625 0.06640625
2 0.09296875 0.6265625 0.04609375 0.05703125
0 0.1359375 0.61328125 0.0375 0.0328125
0 0.20859375 0.43515625 0.0328125 0.0328125
2 0.2140625 0.4703125 0.06328125 0.025
5 0.26875 0.46015625 0.03984375 0.06015625
3 0.31484375 0.4546875 0.0375 0.05859375
4 0.3625 0.4609375 0.046875 0.05546875
1 0.4078125 0.4546875 0.03828125 0.059375
2 0.49765625 0.4421875 0.02890625 0.03984375
1 0.546875 0.46875 0.05703125 0.07421875
5 0.59609375 0.4453125 0.03515625 0.0515625
4 0.509375 0.53671875 0.040625 0.08125
0 0.5515625 0.5421875 0.0375 0.03125
3 0.59609375 0.54140625 0.03671875 0.06015625
4 0.6640625 0.4453125 0.03984375 0.06796875
3 0.728125 0.440625 0.04765625 0.06015625
5 0.66875 0.52109375 0.0390625 0.05390625
2 0.703125 0.49609375 0.040625 0.04140625
1 0.7484375 0.5171875 0.03828125 0.06953125
1 0.809375 0.43203125 0.03359375 0.06328125
5 0.87265625 0.4171875 0.0609375 0.03828125
0 0.86953125 0.45546875 0.046875 0.0265625
2 0.84453125 0.4921875 0.03828125 0.04375
4 0.80703125 0.5 0.03203125 0.0640625
3 0.884375 0.5 0.034375 0.05390625
1 0.0796875 0.73125 0.04296875 0.05859375
4 0.12109375 0.73359375 0.03515625 0.0625
0 0.1625 0.728125 0.0296875 0.02265625
5 0.08515625 0.8109375 0.0453125 0.0546875
3 0.1484375 0.81328125 0.040625 0.059375
3 0.24921875 0.784375 0.04921875 0.0671875
4 0.23515625 0.709375 0.03984375 0.06953125
5 0.246875 0.63125 0.0390625 0.05625
0 0.2625 0.571875 0.0265625 0.02578125
1 0.21640625 0.575 0.03828125 0.053125
1 0.33125 0.56875 0.04375 0.0734375
3 0.41015625 0.54140625 0.07890625 0.04453125
4 0.37890625 0.63984375 0.04296875 0.07109375
5 0.42578125 0.6359375 0.034375 0.06328125
2 0.33125 0.70234375 0.0515625 0.04921875
0 0.42578125 0.70546875 0.04453125 0.021875
1 0.52421875 0.6578125 0.03046875 0.0671875
2 0.57890625 0.6390625 0.03828125 0.0515625
0 0.63125 0.64453125 0.03671875 0.03203125
5 0.68203125 0.63359375 0.040625 0.05703125
3 0.5609375 0.7140625 0.08125 0.04375
4 0.6609375 0.7046875 0.053125 0.0703125
1 0.7859375 0.63125 0.0390625 0.07890625
4 0.8546875 0.62109375 0.0421875 0.078125
0 0.81328125 0.66328125 0.03203125 0.0265625
3 0.784375 0.7109375 0.04140625 0.0546875
5 0.8515625 0.70703125 0.03359375 0.0515625
1 0.3328125 0.815625 0.03984375 0.0640625
2 0.39140625 0.815625 0.0578125 0.05703125
0 0.45546875 0.81484375 0.04296875 0.03203125
5 0.50703125 0.8171875 0.03828125 0.05625
3 0.55859375 0.80859375 0.046875 0.05703125
4 0.6046875 0.80234375 0.0375 0.065625
1 0.6859375 0.8078125 0.03046875 0.06953125
0 0.71875 0.8375 0.02890625 0.03125
5 0.75625 0.8125 0.03125 0.06015625
3 0.80703125 0.815625 0.04765625 0.071875
4 0.85390625 0.80625 0.0359375 0.059375