0 0.1078125 0.81953125 0.028125 0.03125
2 0.159375 0.8015625 0.040625 0.071875
4 0.12578125 0.8609375 0.0734375 0.0390625
5 0.23125 0.85859375 0.0546875 0.04375
3 0.22421875 0.78203125 0.078125 0.05
1 0.20546875 0.58515625 0.0671875 0.0375
3 0.153125 0.621875 0.06875 0.0546875
0 0.09453125 0.59140625 0.0234375 0.0234375
5 0.10234375 0.66796875 0.0515625 0.0328125
4 0.2015625 0.65703125 0.06875 0.0390625
3 0.11640625 0.4921875 0.0625 0.05625
0 0.1078125 0.453125 0.0234375 0.021875
4 0.11015625 0.42109375 0.0640625 0.0390625
1 0.18828125 0.47421875 0.028125 0.065625
5 0.17109375 0.41796875 0.0515625 0.0390625
1 0.1046875 0.3359375 0.0625 0.03125
3 0.10859375 0.26875 0.06875 0.0390625
4 0.1421875 0.29765625 0.0640625 0.034375
0 0.15703125 0.33359375 0.0265625 0.0296875
5 0.18125 0.26484375 0.0390625 0.0265625
1 0.10390625 0.1921875 0.0625 0.040625
5 0.0875 0.121875 0.0421875 0.0453125
0 0.12578125 0.153125 0.028125 0.0296875
3 0.1734375 0.175 0.046875 0.0609375
4 0.1671875 0.11953125 0.0671875 0.040625
0 0.31640625 0.86171875 0.034375 0.0515625
3 0.33125 0.7890625 0.0671875 0.0546875
4 0.321875 0.73671875 0.0671875 0.046875
5 0.37734375 0.7453125 0.0296875 0.0578125
2 0.36484375 0.8390625 0.053125 0.046875
1 0.3734375 0.8953125 0.0671875 0.05
3 0.31015625 0.64609375 0.08125 0.05625
5 0.3046875 0.578125 0.0703125 0.046875
2 0.36171875 0.5953125 0.0296875 0.0859375
1 0.3296875 0.51171875 0.0921875 0.0578125
2 0.32109375 0.46015625 0.0578125 0.04375
4 0.30078125 0.41875 0.0765625 0.040625
0 0.3640625 0.42265625 0.0296875 0.0328125
4 0.3109375 0.31484375 0.0546875 0.04375
5 0.303125 0.2734375 0.053125 0.0390625
2 0.27265625 0.2359375 0.0515625 0.046875
3 0.278125 0.17734375 0.075 0.05
1 0.26484375 0.1328125 0.053125 0.0375
0 0.30703125 0.12578125 0.0203125 0.034375
1 0.484375 0.915625 0.08125 0.053125
3 0.4765625 0.865625 0.0734375 0.04375
4 0.56015625 0.9125 0.078125 0.05
5 0.5640625 0.85625 0.0671875 0.0421875
2 0.64765625 0.9 0.0578125 0.0484375
0 0.63203125 0.8578125 0.034375 0.0390625
0 0.45078125 0.79453125 0.034375 0.034375
2 0.48515625 0.78671875 0.028125 0.0640625
5 0.47265625 0.7328125 0.0609375 0.04375
3 0.4640625 0.6875 0.0609375 0.040625
4 0.46796875 0.6390625 0.059375 0.05
1 0.459375 0.59453125 0.0609375 0.040625
2 0.4421875 0.50546875 0.0421875 0.0296875
1 0.46640625 0.4546875 0.078125 0.059375
5 0.440625 0.40703125 0.053125 0.0375
4 0.5359375 0.4890625 0.0828125 0.0453125
0 0.5390625 0.44609375 0.0328125 0.0390625
3 0.5359375 0.4015625 0.0609375 0.040625
4 0.43671875 0.3390625 0.0703125 0.04375
3 0.42890625 0.275 0.0625 0.05
5 0.5125 0.33046875 0.0546875 0.0421875
2 0.48515625 0.29765625 0.0421875 0.0421875
1 0.50390625 0.25078125 0.0703125 0.040625
1 0.415625 0.19453125 0.0640625 0.0375
5 0.39765625 0.13203125 0.040625 0.0625
0 0.4359375 0.13359375 0.0296875 0.0484375
2 0.47421875 0.15625 0.0453125 0.0390625
4 0.48359375 0.19375 0.065625 0.034375
3 0.4796875 0.11640625 0.0546875 0.0375
1 0.753125 0.9078125 0.0609375 0.046875
4 0.753125 0.86640625 0.0640625 0.0375
0 0.7453125 0.825 0.0234375 0.03125
5 0.83203125 0.89765625 0.05625 0.0484375
3 0.83125 0.834375 0.0609375 0.04375
3 0.796875 0.7359375 0.0703125 0.053125
4 0.72265625 0.75390625 0.0703125 0.04375
5 0.64453125 0.74609375 0.0578125 0.0421875
0 0.584375 0.73359375 0.0265625 0.028125
1 0.58984375 0.77890625 0.0546875 0.040625
1 0.57734375 0.66484375 0.075 0.046875
3 0.54609375 0.5875 0.0484375 0.0796875
4 0.64609375 0.61328125 0.0734375 0.046875
5 0.63984375 0.5671875 0.0640625 0.0375
2 0.7109375 0.6578125 0.053125 0.0546875
0 0.709375 0.56328125 0.0234375 0.0453125
1 0.65625 0.4671875 0.06875 0.034375
2 0.634375 0.4140625 0.053125 0.040625
0 0.6375 0.36171875 0.0328125 0.0390625
5 0.62421875 0.3109375 0.0578125 0.04375
3 0.7109375 0.428125 0.0484375 0.0828125
4 0.69609375 0.32890625 0.0734375 0.05625
1 0.61640625 0.2078125 0.0796875 0.04375
4 0.60234375 0.13984375 0.0796875 0.046875
0 0.646875 0.17890625 0.028125 0.0328125
3 0.69609375 0.2046875 0.05625 0.04375
5 0.68828125 0.13828125 0.053125 0.0375
1 0.82421875 0.65078125 0.065625 0.04375
2 0.82109375 0.5921875 0.059375 0.0609375
0 0.81640625 0.528125 0.0328125 0.0453125
5 0.81640625 0.4765625 0.0578125 0.040625
3 0.80546875 0.425 0.059375 0.05
4 0.79609375 0.3796875 0.0671875 0.040625
1 0.79765625 0.2984375 0.0703125 0.034375
0 0.82578125 0.2640625 0.0328125 0.0296875
5 0.7984375 0.228125 0.0609375 0.034375
3 0.79921875 0.1765625 0.075 0.05
4 0.7875 0.13046875 0.0609375 0.0390625