5 0.653125 0.0921875 0.046875 0.05546875
5 0.715625 0.0921875 0.059375 0.06171875
5 0.7703125 0.08828125 0.03359375 0.05703125
5 0.8359375 0.09453125 0.04296875 0.053125
5 0.89296875 0.1 0.0234375 0.05
5 0.9 0.178125 0.0375 0.04921875
5 0.84375 0.1703125 0.034375 0.04609375
5 0.77578125 0.16796875 0.04375 0.04609375
5 0.71796875 0.16484375 0.04140625 0.05859375
5 0.65546875 0.1609375 0.0421875 0.04609375
5 0.65390625 0.2296875 0.04140625 0.0515625
5 0.71953125 0.23203125 0.03671875 0.0546875
5 0.775 0.240625 0.04453125 0.0515625
5 0.846875 0.24296875 0.04375 0.04765625
5 0.9015625 0.253125 0.0359375 0.05625
5 0.6515625 0.2921875 0.04453125 0.05703125
5 0.71796875 0.30234375 0.0578125 0.0546875
5 0.77890625 0.303125 0.0390625 0.053125
5 0.853125 0.31484375 0.04609375 0.06015625
5 0.90625 0.328125 0.0328125 0.04296875
5 0.64921875 0.35234375 0.05234375 0.05234375
5 0.72421875 0.36484375 0.04140625 0.06171875
5 0.78046875 0.37421875 0.03671875 0.05625
5 0.8484375 0.3796875 0.05234375 0.04765625
5 0.90703125 0.3953125 0.03828125 0.0515625
5 0.8484375 0.44140625 0.04609375 0.05
5 0.77734375 0.4328125 0.05390625 0.05546875
5 0.71640625 0.43359375 0.040625 0.053125
5 0.64765625 0.42734375 0.040625 0.06171875
5 0.9109375 0.47109375 0.04140625 0.053125
5 0.84375 0.5046875 0.0546875 0.05
5 0.78046875 0.50234375 0.04609375 0.053125
5 0.71875 0.50546875 0.0453125 0.0484375
5 0.64453125 0.50078125 0.0484375 0.059375
5 0.64609375 0.5734375 0.03984375 0.059375
5 0.7203125 0.5640625 0.0453125 0.05
5 0.77890625 0.56484375 0.0484375 0.0515625
5 0.8515625 0.5734375 0.04296875 0.0625
5 0.91484375 0.54296875 0.0375 0.06015625
5 0.91953125 0.61953125 0.0484375 0.06015625
5 0.85078125 0.64609375 0.04609375 0.05703125
5 0.7734375 0.63359375 0.0453125 0.05625
5 0.71015625 0.62734375 0.0546875 0.05703125
5 0.64375 0.65390625 0.05625 0.059375
5 0.71015625 0.69609375 0.04765625 0.05859375
5 0.78046875 0.71171875 0.0484375 0.05390625
5 0.8453125 0.72421875 0.059375 0.06328125
5 0.9140625 0.69296875 0.04765625 0.07421875
5 0.9171875 0.775 0.0578125 0.05546875
5 0.85546875 0.7921875 0.04609375 0.0546875
5 0.91640625 0.84609375 0.05078125 0.0515625
5 0.85234375 0.859375 0.06171875 0.06015625
5 0.78671875 0.85390625 0.03984375 0.0546875
5 0.784375 0.78828125 0.034375 0.06015625
5 0.709375 0.76953125 0.04609375 0.05625
5 0.6390625 0.72890625 0.06171875 0.06328125
5 0.64296875 0.79921875 0.0546875 0.06171875
5 0.640625 0.8609375 0.0421875 0.05859375
5 0.71328125 0.84296875 0.0453125 0.0671875