4 0.19296875 0.16171875 0.0875 0.09296875
4 0.190625 0.28046875 0.09296875 0.11328125
4 0.19609375 0.40546875 0.065625 0.10703125
4 0.1953125 0.5265625 0.05703125 0.09765625
4 0.1734375 0.6359375 0.08515625 0.0984375
4 0.159375 0.73984375 0.0828125 0.1015625
3 0.24609375 0.83125 0.04296875 0.0796875
3 0.259375 0.7296875 0.04296875 0.08828125
3 0.26953125 0.6265625 0.05 0.09921875
3 0.28046875 0.5078125 0.06640625 0.1078125
3 0.28046875 0.39609375 0.08359375 0.090625
3 0.2875 0.16796875 0.084375 0.08984375
0 0.35625 0.134375 0.04765625 0.04921875
0 0.35546875 0.19921875 0.04765625 0.04453125
0 0.35 0.25234375 0.06171875 0.03984375
3 0.2921875 0.2765625 0.059375 0.084375
0 0.35234375 0.32578125 0.05859375 0.040625
0 0.346875 0.39765625 0.053125 0.04375
0 0.35 0.45390625 0.0515625 0.05
0 0.34921875 0.52734375 0.0578125 0.05078125
0 0.340625 0.59921875 0.05 0.05
0 0.33046875 0.6734375 0.053125 0.059375
0 0.3265625 0.753125 0.053125 0.06875
0 0.31796875 0.8234375 0.0640625 0.0484375
5 0.38984375 0.76328125 0.04453125 0.07265625
5 0.45234375 0.78828125 0.05546875 0.0734375
5 0.45390625 0.6921875 0.0625 0.0796875
5 0.39609375 0.6796875 0.040625 0.06796875
5 0.40859375 0.5953125 0.04375 0.07578125
5 0.46953125 0.6078125 0.0578125 0.06875
5 0.41640625 0.51328125 0.0453125 0.065625
5 0.4734375 0.51640625 0.04375 0.07109375
5 0.47578125 0.4234375 0.04140625 0.0796875
5 0.4203125 0.41640625 0.053125 0.0796875
5 0.42109375 0.328125 0.053125 0.0765625
5 0.4796875 0.334375 0.04765625 0.0828125
5 0.47734375 0.2484375 0.05859375 0.065625
5 0.41875 0.2328125 0.0484375 0.06953125
5 0.41484375 0.14375 0.0625 0.0796875
5 0.47734375 0.15625 0.04296875 0.084375
1 0.5359375 0.14765625 0.05234375 0.07421875
1 0.5921875 0.14921875 0.04921875 0.06953125
1 0.60234375 0.23984375 0.0515625 0.0859375
1 0.53515625 0.2390625 0.04453125 0.0734375
1 0.5375 0.33828125 0.03984375 0.08515625
1 0.60703125 0.34375 0.04765625 0.0765625
1 0.60625 0.43828125 0.04453125 0.07734375
1 0.53671875 0.44765625 0.04375 0.075
1 0.5375 0.54453125 0.0453125 0.078125
1 0.61015625 0.52890625 0.040625 0.0703125
1 0.6109375 0.61484375 0.04609375 0.07109375
1 0.52890625 0.63828125 0.05546875 0.07890625
1 0.52109375 0.7359375 0.04296875 0.05546875
1 0.6125 0.70625 0.03984375 0.07265625
1 0.52109375 0.809375 0.03828125 0.0640625
1 0.60859375 0.79609375 0.05390625 0.06015625
2 0.66015625 0.13046875 0.059375 0.05546875
2 0.66796875 0.18984375 0.0671875 0.0421875
2 0.6703125 0.23203125 0.05859375 0.034375
2 0.6703125 0.27421875 0.05859375 0.03515625
2 0.67265625 0.3109375 0.05703125 0.028125
2 0.6734375 0.340625 0.06484375 0.021875
2 0.67109375 0.38203125 0.0640625 0.03203125
2 0.6734375 0.41953125 0.05390625 0.02734375
2 0.67421875 0.46015625 0.06484375 0.025
2 0.68046875 0.4984375 0.06640625 0.0390625
2 0.68046875 0.53671875 0.07109375 0.02890625
2 0.68046875 0.56953125 0.0671875 0.025
2 0.67890625 0.603125 0.0703125 0.03359375
2 0.6875 0.63984375 0.07109375 0.0265625
2 0.6875 0.67890625 0.06953125 0.0296875
2 0.6875 0.71640625 0.0640625 0.03203125
2 0.68203125 0.75625 0.0625 0.03046875
2 0.68203125 0.80390625 0.07734375 0.040625
2 0.68046875 0.8359375 0.05859375 0.03203125
2 0.684375 0.8734375 0.0703125 0.03359375
5 0.7515625 0.85234375 0.040625 0.04609375
5 0.82109375 0.8515625 0.05546875 0.04453125
3 0.82109375 0.7828125 0.0359375 0.06796875
3 0.81640625 0.709375 0.03671875 0.05078125
4 0.7515625 0.775 0.06328125 0.07265625
4 0.7515625 0.67890625 0.05234375 0.0984375
4 0.7515625 0.58125 0.05390625 0.07578125
3 0.8140625 0.61875 0.05703125 0.07421875
3 0.81484375 0.5453125 0.0359375 0.059375
4 0.74375 0.478125 0.059375 0.0765625
3 0.8109375 0.4625 0.0484375 0.08203125
3 0.8015625 0.375 0.0484375 0.0640625
4 0.740625 0.38046875 0.0640625 0.084375
4 0.7359375 0.265625 0.05703125 0.08984375
3 0.80546875 0.2265625 0.05234375 0.0640625
3 0.803125 0.3015625 0.0515625 0.0609375
3 0.79921875 0.14609375 0.05078125 0.07109375
4 0.73203125 0.159375 0.06875 0.1
0 0.8546875 0.12421875 0.03984375 0.046875
0 0.85625 0.16171875 0.04453125 0.03515625
0 0.859375 0.20234375 0.04453125 0.0328125
0 0.8578125 0.246875 0.0390625 0.0390625
0 0.86015625 0.28671875 0.0359375 0.02109375
0 0.86171875 0.3203125 0.040625 0.0359375
0 0.865625 0.39140625 0.03984375 0.03671875
0 0.86796875 0.42421875 0.028125 0.034375
0 0.86875 0.4734375 0.04296875 0.03515625
0 0.87265625 0.521875 0.03828125 0.03984375
0 0.87421875 0.5640625 0.04375 0.03515625
0 0.86875 0.60234375 0.03515625 0.0296875
0 0.8703125 0.64765625 0.0375 0.03671875
0 0.871875 0.6984375 0.05078125 0.0421875
0 0.8671875 0.74765625 0.03515625 0.0390625
0 0.87265625 0.7890625 0.03984375 0.03046875
0 0.87421875 0.83046875 0.04140625 0.03515625
0 0.87890625 0.875 0.04375 0.03515625