5 0.18515625 0.1125 0.0609375 0.0796875
5 0.1265625 0.21953125 0.07109375 0.07734375
5 0.190625 0.2203125 0.04921875 0.06953125
5 0.18125 0.3203125 0.04921875 0.075
5 0.11875 0.328125 0.0625 0.0875
5 0.17265625 0.41640625 0.0390625 0.06796875
5 0.159375 0.496875 0.06328125 0.0609375
5 0.09296875 0.565625 0.059375 0.090625
5 0.15390625 0.57265625 0.0515625 0.0671875
5 0.0875 0.66640625 0.05546875 0.05390625
5 0.15078125 0.653125 0.0484375 0.07578125
5 0.140625 0.7484375 0.04765625 0.07578125
1 0.2359375 0.75234375 0.0453125 0.10859375
1 0.31640625 0.7640625 0.04296875 0.07109375
1 0.31171875 0.6796875 0.04296875 0.084375
1 0.23125 0.63671875 0.05703125 0.1015625
1 0.31875 0.5828125 0.05859375 0.0734375
1 0.24296875 0.53828125 0.05234375 0.0671875
1 0.31953125 0.4890625 0.03984375 0.08984375
1 0.2453125 0.4484375 0.05078125 0.0625
1 0.2453125 0.34296875 0.0546875 0.0796875
1 0.315625 0.35859375 0.059375 0.1
1 0.25625 0.21875 0.04453125 0.0921875
1 0.32734375 0.2125 0.059375 0.0859375
1 0.25234375 0.10234375 0.06875 0.0890625
1 0.33125 0.09921875 0.05546875 0.09140625
4 0.396875 0.10078125 0.0578125 0.08984375
4 0.39609375 0.203125 0.0578125 0.09140625
4 0.396875 0.321875 0.071875 0.0921875
4 0.39375 0.43359375 0.06171875 0.09453125
4 0.3953125 0.540625 0.053125 0.0984375
4 0.3921875 0.6453125 0.05703125 0.0921875
4 0.38359375 0.74296875 0.05859375 0.09453125
3 0.45078125 0.09921875 0.0421875 0.090625
3 0.50078125 0.09296875 0.04921875 0.07265625
3 0.51015625 0.16875 0.04296875 0.0546875
3 0.4609375 0.1859375 0.04296875 0.06953125
3 0.4609375 0.27421875 0.03515625 0.06796875
3 0.50703125 0.24609375 0.03828125 0.059375
3 0.5015625 0.3390625 0.034375 0.0828125
3 0.4609375 0.3609375 0.03671875 0.06328125
3 0.45546875 0.45 0.03515625 0.065625
3 0.50078125 0.45 0.04140625 0.08125
3 0.45390625 0.53984375 0.03671875 0.0765625
3 0.49296875 0.5515625 0.0359375 0.0765625
3 0.44609375 0.6375 0.0421875 0.075
3 0.48984375 0.6421875 0.03515625 0.071875
3 0.44375 0.721875 0.0390625 0.0796875
3 0.4890625 0.72265625 0.03515625 0.078125
3 0.4890625 0.80390625 0.04921875 0.0734375
3 0.43984375 0.8 0.0375 0.06015625
0 0.540625 0.86015625 0.04375 0.03828125
0 0.54453125 0.8 0.04140625 0.03359375
0 0.54140625 0.75859375 0.04453125 0.04375
0 0.5421875 0.72109375 0.04375 0.0375
0 0.5390625 0.6640625 0.04609375 0.040625
0 0.540625 0.6125 0.0421875 0.0390625
0 0.54453125 0.55390625 0.03828125 0.04296875
0 0.5421875 0.5046875 0.04765625 0.04296875
0 0.54453125 0.45546875 0.04140625 0.040625
0 0.5453125 0.39375 0.0375 0.04921875
0 0.55078125 0.34453125 0.0375 0.03828125
0 0.5546875 0.28671875 0.034375 0.0390625
0 0.553125 0.23515625 0.0375 0.0375
0 0.55078125 0.1921875 0.03984375 0.03828125
0 0.55546875 0.13984375 0.03671875 0.034375
0 0.55703125 0.08515625 0.03046875 0.05078125
5 0.59921875 0.0953125 0.03671875 0.0765625
5 0.60390625 0.1703125 0.03203125 0.046875
5 0.6046875 0.2390625 0.03359375 0.04765625
5 0.6109375 0.30859375 0.0375 0.0515625
5 0.61015625 0.3703125 0.03671875 0.05546875
5 0.609375 0.4390625 0.0390625 0.059375
5 0.61640625 0.50625 0.046875 0.05234375
5 0.61953125 0.57734375 0.03671875 0.0546875
5 0.6203125 0.6453125 0.0390625 0.0484375
5 0.621875 0.7 0.04375 0.04453125
5 0.628125 0.7640625 0.03203125 0.04765625
5 0.6265625 0.81875 0.0359375 0.0421875
2 0.6671875 0.08046875 0.05859375 0.0375
2 0.67578125 0.12578125 0.05859375 0.0296875
2 0.67578125 0.16796875 0.059375 0.0359375
2 0.67421875 0.2015625 0.05546875 0.02109375
2 0.67890625 0.2359375 0.0703125 0.03046875
2 0.67421875 0.27734375 0.05390625 0.03125
2 0.67421875 0.3171875 0.05703125 0.03515625
2 0.6734375 0.35859375 0.0734375 0.03046875
2 0.67734375 0.39765625 0.05859375 0.0265625
2 0.67578125 0.4359375 0.06015625 0.025
2 0.68046875 0.4765625 0.0640625 0.028125
2 0.6875 0.51953125 0.05390625 0.04609375
2 0.6875 0.5640625 0.05546875 0.03359375
2 0.6875 0.60234375 0.0625 0.02578125
2 0.68671875 0.6578125 0.05078125 0.0375
2 0.6828125 0.70078125 0.0609375 0.02890625
2 0.684375 0.75 0.059375 0.03515625
2 0.68125 0.7921875 0.06484375 0.02890625
2 0.6875 0.83203125 0.06015625 0.03203125
4 0.74140625 0.75 0.0484375 0.09140625
4 0.7453125 0.63046875 0.04296875 0.08125
4 0.74453125 0.53671875 0.0453125 0.0796875
4 0.7375 0.44296875 0.0515625 0.08359375
4 0.73203125 0.33671875 0.0578125 0.0859375
3 0.79296875 0.33984375 0.059375 0.08828125
3 0.79296875 0.4453125 0.04296875 0.08203125
3 0.79375 0.54609375 0.03828125 0.078125
3 0.79375 0.646875 0.05390625 0.084375
3 0.79765625 0.759375 0.05078125 0.09375
3 0.78828125 0.23359375 0.0515625 0.07109375
3 0.784375 0.11796875 0.046875 0.078125
4 0.7265625 0.103125 0.04375 0.090625
4 0.734375 0.2171875 0.05 0.07890625
0 0.86171875 0.0953125 0.04453125 0.0375
0 0.8703125 0.1453125 0.04453125 0.0390625
0 0.87578125 0.1921875 0.04140625 0.04453125
0 0.875 0.24921875 0.0421875 0.0390625
0 0.86640625 0.31875 0.04609375 0.0421875
0 0.86875 0.39765625 0.0359375 0.0390625
0 0.8671875 0.4609375 0.04140625 0.0375
0 0.87890625 0.49765625 0.0484375 0.0296875
0 0.86875 0.54453125 0.03984375 0.03984375
0 0.88125 0.59453125 0.0453125 0.04765625
0 0.87421875 0.63828125 0.04765625 0.0421875
0 0.87265625 0.684375 0.03515625 0.0390625
0 0.865625 0.728125 0.04921875 0.03359375
0 0.865625 0.771875 0.04765625 0.03203125
0 0.85859375 0.81328125 0.03984375 0.0359375
0 0.8671875 0.85234375 0.04375 0.034375