5 0.9234375 0.60234375 0.0609375 0.053125
5 0.93125 0.6640625 0.06875 0.0671875
5 0.94140625 0.71796875 0.059375 0.040625
5 0.94375 0.784375 0.0578125 0.05
5 0.94453125 0.84140625 0.053125 0.0296875
5 0.86796875 0.8578125 0.0546875 0.04375
5 0.86875 0.80078125 0.05 0.0390625
5 0.86328125 0.73359375 0.0515625 0.0484375
5 0.859375 0.67578125 0.0640625 0.0484375
5 0.85546875 0.61328125 0.0515625 0.046875
5 0.78671875 0.61953125 0.05625 0.046875
5 0.79296875 0.68515625 0.059375 0.04375
5 0.790625 0.74140625 0.05625 0.05
5 0.79765625 0.81328125 0.0515625 0.0484375
5 0.79375 0.86875 0.0609375 0.0421875
5 0.725 0.625 0.0609375 0.05
5 0.72265625 0.6921875 0.0609375 0.0640625
5 0.7296875 0.753125 0.0578125 0.0453125
5 0.7265625 0.828125 0.0640625 0.053125
5 0.7203125 0.88203125 0.046875 0.0375
5 0.66484375 0.63046875 0.059375 0.059375
5 0.66171875 0.70625 0.0671875 0.0484375
5 0.659375 0.76328125 0.0609375 0.04375
5 0.66171875 0.83125 0.053125 0.0578125
5 0.653125 0.89140625 0.05625 0.0453125
5 0.60078125 0.8390625 0.0546875 0.053125
5 0.60078125 0.7671875 0.0625 0.059375
5 0.5921875 0.70703125 0.0578125 0.046875
5 0.58984375 0.6375 0.0671875 0.0484375
5 0.57890625 0.9046875 0.0578125 0.046875
5 0.5375 0.84140625 0.05625 0.0609375
5 0.53203125 0.77890625 0.0578125 0.053125
5 0.52109375 0.71796875 0.053125 0.0515625
5 0.5171875 0.64375 0.0640625 0.0546875
5 0.44453125 0.65390625 0.0640625 0.046875
5 0.46328125 0.7265625 0.0546875 0.0515625
5 0.46953125 0.784375 0.0578125 0.0546875
5 0.4703125 0.8578125 0.0671875 0.0515625
5 0.5078125 0.9171875 0.0640625 0.04375
5 0.4328125 0.93125 0.0640625 0.0546875
5 0.39765625 0.865625 0.0609375 0.053125
5 0.40078125 0.7875 0.0609375 0.0515625
5 0.39921875 0.72421875 0.0625 0.0609375
5 0.36484375 0.66171875 0.065625 0.0625
5 0.33125 0.7328125 0.0640625 0.053125
5 0.32421875 0.80390625 0.059375 0.0546875
5 0.31953125 0.8703125 0.06875 0.0671875
5 0.35859375 0.934375 0.0796875 0.0578125
5 0.278125 0.94765625 0.0625 0.0640625
5 0.253125 0.88828125 0.059375 0.053125
5 0.20703125 0.95546875 0.0578125 0.05625
5 0.1859375 0.89375 0.0671875 0.06875
5 0.18359375 0.82734375 0.059375 0.046875
5 0.2484375 0.8171875 0.0625 0.040625
5 0.2578125 0.740625 0.0609375 0.053125
5 0.28984375 0.665625 0.0703125 0.0703125
5 0.2203125 0.678125 0.06875 0.0625
5 0.15859375 0.68359375 0.0640625 0.0484375
5 0.1859375 0.753125 0.071875 0.053125