3 0.21171875 0.096875 0.0625 0.1171875
3 0.26953125 0.08515625 0.0625 0.1171875
3 0.33203125 0.07421875 0.053125 0.10625
3 0.38984375 0.08125 0.059375 0.1078125
3 0.44375 0.134375 0.0453125 0.1
3 0.4953125 0.08828125 0.0578125 0.1046875
3 0.55078125 0.10703125 0.040625 0.1171875
3 0.59609375 0.12734375 0.0578125 0.0921875
3 0.65546875 0.1421875 0.0546875 0.1
3 0.7171875 0.1390625 0.0671875 0.1015625
3 0.76796875 0.17109375 0.0484375 0.1
3 0.825 0.12265625 0.0546875 0.090625
3 0.82265625 0.2171875 0.0625 0.0796875
3 0.81953125 0.31015625 0.0640625 0.0921875
3 0.7625 0.284375 0.0640625 0.1140625
3 0.7140625 0.2546875 0.0546875 0.1
3 0.65390625 0.23125 0.05 0.075
3 0.59609375 0.215625 0.046875 0.084375
3 0.54375 0.20625 0.053125 0.084375
3 0.49140625 0.19375 0.053125 0.084375
3 0.4421875 0.23359375 0.05625 0.084375
3 0.3828125 0.178125 0.0640625 0.0984375
3 0.3265625 0.1859375 0.0578125 0.10625
3 0.26171875 0.1921875 0.0546875 0.09375
3 0.19609375 0.2109375 0.0515625 0.0890625
3 0.18125 0.32578125 0.059375 0.0859375
3 0.2453125 0.3 0.0609375 0.0984375
3 0.31015625 0.30078125 0.0546875 0.10625
3 0.3796875 0.29296875 0.0578125 0.10625
3 0.43125 0.334375 0.05625 0.103125
3 0.48828125 0.29296875 0.053125 0.0734375
3 0.53828125 0.30390625 0.0453125 0.0921875
3 0.5921875 0.321875 0.05625 0.0953125
3 0.6484375 0.3359375 0.053125 0.096875
3 0.70625 0.36171875 0.0578125 0.0984375
3 0.76171875 0.40078125 0.05625 0.0828125
3 0.8140625 0.41796875 0.05 0.0875
3 0.1640625 0.44375 0.059375 0.0984375
3 0.23125 0.428125 0.0609375 0.1109375
3 0.296875 0.41640625 0.0609375 0.0953125
3 0.3671875 0.40859375 0.071875 0.1109375
3 0.4234375 0.4453125 0.053125 0.10625
3 0.48046875 0.3921875 0.05625 0.1015625
3 0.534375 0.4015625 0.04375 0.0859375
3 0.59140625 0.42265625 0.05625 0.0875
3 0.6421875 0.44609375 0.0578125 0.0890625
3 0.7046875 0.48359375 0.0640625 0.1078125
3 0.7625 0.49921875 0.0609375 0.0984375
3 0.81875 0.51796875 0.0578125 0.1
3 0.81875 0.61796875 0.0578125 0.090625
3 0.75625 0.59921875 0.0625 0.0953125
3 0.69453125 0.6 0.0609375 0.0875
3 0.63671875 0.53046875 0.0453125 0.084375
3 0.584375 0.51640625 0.0515625 0.084375
3 0.5296875 0.4953125 0.046875 0.071875
3 0.475 0.4953125 0.05625 0.0828125
3 0.4203125 0.55546875 0.0515625 0.0953125
3 0.47109375 0.58984375 0.05625 0.0828125
3 0.52890625 0.5859375 0.0484375 0.090625
3 0.58359375 0.61484375 0.0484375 0.084375
3 0.63671875 0.625 0.0546875 0.0796875
3 0.3625 0.52578125 0.059375 0.0984375
3 0.28671875 0.52734375 0.0546875 0.103125
3 0.22265625 0.5421875 0.0578125 0.0890625
3 0.15703125 0.54609375 0.046875 0.084375
3 0.14296875 0.640625 0.075 0.0875
3 0.2140625 0.64453125 0.059375 0.0953125
3 0.2765625 0.65 0.0546875 0.103125
3 0.3515625 0.64765625 0.06875 0.1203125
3 0.4125 0.6703125 0.0515625 0.096875
3 0.4640625 0.69453125 0.0546875 0.103125
3 0.53046875 0.70078125 0.0703125 0.0921875
3 0.5859375 0.71953125 0.0484375 0.09375
3 0.6375 0.72421875 0.05 0.084375
3 0.69375 0.715625 0.065625 0.1125
3 0.7546875 0.70546875 0.059375 0.0796875
3 0.81328125 0.72265625 0.059375 0.109375
3 0.82421875 0.84609375 0.0671875 0.10625
3 0.759375 0.82890625 0.065625 0.121875
3 0.69453125 0.84296875 0.0640625 0.0890625
3 0.63671875 0.83203125 0.0546875 0.1
3 0.5796875 0.8265625 0.05 0.096875
3 0.5234375 0.8171875 0.0609375 0.0953125
3 0.46328125 0.809375 0.05625 0.0984375
3 0.41015625 0.796875 0.059375 0.115625
3 0.34609375 0.7828125 0.065625 0.1203125
3 0.2703125 0.77421875 0.059375 0.1140625
3 0.20390625 0.76875 0.0578125 0.1046875
3 0.1328125 0.76328125 0.0484375 0.096875