4 0.81640625 0.1703125 0.1 0.09375
4 0.69765625 0.17578125 0.11875 0.1015625
4 0.5734375 0.190625 0.1109375 0.0734375
4 0.45234375 0.19765625 0.1 0.0625
4 0.34140625 0.18359375 0.1046875 0.090625
4 0.23671875 0.1765625 0.1078125 0.0890625
3 0.1515625 0.26953125 0.0828125 0.0484375
3 0.25390625 0.27578125 0.090625 0.05
3 0.3578125 0.27890625 0.103125 0.05625
3 0.4765625 0.28125 0.1125 0.0734375
3 0.58828125 0.2734375 0.096875 0.090625
3 0.81640625 0.26484375 0.096875 0.090625
0 0.8546875 0.33125 0.053125 0.05
0 0.78984375 0.33515625 0.046875 0.05
0 0.73671875 0.3328125 0.0453125 0.065625
3 0.70859375 0.27734375 0.0890625 0.065625
0 0.66328125 0.340625 0.0453125 0.0625
0 0.59140625 0.33984375 0.046875 0.05625
0 0.53515625 0.346875 0.053125 0.0546875
0 0.4625 0.3515625 0.0546875 0.0609375
0 0.38984375 0.34765625 0.053125 0.053125
0 0.31484375 0.34296875 0.0625 0.0578125
0 0.23515625 0.34453125 0.071875 0.0578125
0 0.16484375 0.340625 0.053125 0.0671875
5 0.2296875 0.40859375 0.075 0.0484375
5 0.209375 0.47265625 0.0765625 0.0609375
5 0.3046875 0.4671875 0.084375 0.0671875
5 0.31328125 0.40859375 0.071875 0.0453125
5 0.3984375 0.415625 0.078125 0.0484375
5 0.390625 0.47734375 0.071875 0.0625
5 0.48125 0.4171875 0.06875 0.05
5 0.48203125 0.475 0.075 0.0484375
5 0.575 0.4703125 0.0828125 0.0453125
5 0.578125 0.41484375 0.0828125 0.0578125
5 0.665625 0.409375 0.0796875 0.0578125
5 0.6640625 0.46796875 0.0859375 0.053125
5 0.74921875 0.46015625 0.0703125 0.0640625
5 0.7609375 0.4 0.071875 0.053125
5 0.84921875 0.38984375 0.084375 0.0671875
5 0.84140625 0.453125 0.0875 0.05
1 0.85390625 0.5109375 0.078125 0.0578125
1 0.85625 0.5671875 0.071875 0.0546875
1 0.76640625 0.58359375 0.0890625 0.0578125
1 0.7625 0.5171875 0.0765625 0.0484375
1 0.6640625 0.52578125 0.0875 0.046875
1 0.66328125 0.59609375 0.0796875 0.0515625
1 0.56875 0.6015625 0.08125 0.0484375
1 0.5546875 0.5328125 0.078125 0.0484375
1 0.4578125 0.540625 0.08125 0.05
1 0.47890625 0.61171875 0.0734375 0.0453125
1 0.39296875 0.61875 0.075 0.0515625
1 0.3640625 0.53828125 0.08125 0.0609375
1 0.26640625 0.5375 0.059375 0.046875
1 0.30234375 0.6265625 0.075 0.0453125
1 0.19296875 0.54296875 0.0671875 0.0421875
1 0.2125 0.62890625 0.0625 0.0578125
2 0.8796875 0.634375 0.0609375 0.0625
2 0.82109375 0.64609375 0.046875 0.0703125
2 0.77890625 0.6515625 0.0390625 0.0609375
2 0.7375 0.65390625 0.0390625 0.0609375
2 0.70078125 0.659375 0.03125 0.0578125
2 0.67109375 0.66171875 0.0265625 0.0671875
2 0.6296875 0.6625 0.0359375 0.065625
2 0.5921875 0.6671875 0.03125 0.0546875
2 0.5515625 0.67109375 0.0296875 0.0671875
2 0.5140625 0.6796875 0.04375 0.06875
2 0.47578125 0.6828125 0.0328125 0.0734375
2 0.44296875 0.68515625 0.0296875 0.06875
2 0.409375 0.6859375 0.0390625 0.071875
2 0.3734375 0.696875 0.03125 0.0734375
2 0.334375 0.69921875 0.034375 0.0703125
2 0.296875 0.70234375 0.0359375 0.065625
2 0.25703125 0.69921875 0.0359375 0.0640625
2 0.209375 0.703125 0.0453125 0.08125
2 0.17734375 0.703125 0.0359375 0.0609375
2 0.140625 0.71015625 0.0390625 0.071875
5 0.16640625 0.77578125 0.05 0.04375
5 0.171875 0.84453125 0.046875 0.059375
3 0.240625 0.83984375 0.0703125 0.040625
3 0.31328125 0.83046875 0.053125 0.0390625
4 0.24296875 0.7703125 0.0765625 0.0671875
4 0.3390625 0.76328125 0.1015625 0.059375
4 0.43671875 0.75625 0.078125 0.0578125
3 0.403125 0.821875 0.078125 0.0609375
3 0.4765625 0.8171875 0.0625 0.040625
4 0.5390625 0.74140625 0.08125 0.0640625
3 0.559375 0.8078125 0.084375 0.0546875
3 0.64609375 0.7921875 0.0671875 0.053125
4 0.6359375 0.73203125 0.0890625 0.0703125
4 0.75 0.71875 0.09375 0.0625
3 0.79375 0.7859375 0.0671875 0.0578125
3 0.71875 0.78828125 0.0640625 0.05625
3 0.87421875 0.7734375 0.075 0.05625
4 0.85625 0.7078125 0.1046875 0.075
0 0.89921875 0.82734375 0.05 0.04375
0 0.8625 0.83203125 0.0375 0.0453125
0 0.821875 0.8375 0.0359375 0.0453125
0 0.77734375 0.8390625 0.0421875 0.0421875
0 0.7375 0.84453125 0.025 0.0375
0 0.7046875 0.8484375 0.0390625 0.04375
0 0.63359375 0.85703125 0.040625 0.04375
0 0.6015625 0.86171875 0.0359375 0.0296875
0 0.55234375 0.865625 0.0375 0.0453125
0 0.50390625 0.8734375 0.04375 0.040625
0 0.4625 0.878125 0.0375 0.0453125
0 0.4234375 0.875 0.03125 0.0359375
0 0.37890625 0.8796875 0.040625 0.040625
0 0.328125 0.88515625 0.0453125 0.0546875
0 0.27890625 0.88359375 0.040625 0.0375
0 0.2375 0.8921875 0.034375 0.0421875
0 0.19609375 0.89609375 0.0375 0.0421875
0 0.15234375 0.90390625 0.0375 0.0453125