5 0.8078125 0.89296875 0.0625 0.08125
5 0.86875 0.78671875 0.0734375 0.0796875
5 0.8046875 0.78515625 0.0515625 0.0703125
5 0.815625 0.68515625 0.0515625 0.0765625
5 0.878125 0.678125 0.0640625 0.0890625
5 0.82578125 0.5890625 0.040625 0.06875
5 0.840625 0.509375 0.0640625 0.0625
5 0.9078125 0.44140625 0.0609375 0.0921875
5 0.84765625 0.43359375 0.053125 0.06875
5 0.915625 0.340625 0.0578125 0.0546875
5 0.8515625 0.353125 0.05 0.078125
5 0.86328125 0.2578125 0.0484375 0.078125
1 0.76875 0.25234375 0.046875 0.109375
1 0.68828125 0.2390625 0.0453125 0.071875
1 0.69140625 0.3234375 0.0453125 0.084375
1 0.77109375 0.36796875 0.0578125 0.103125
1 0.6828125 0.4203125 0.0609375 0.075
1 0.7578125 0.46640625 0.0546875 0.06875
1 0.68046875 0.5140625 0.0421875 0.090625
1 0.75390625 0.55625 0.0515625 0.0640625
1 0.7515625 0.66171875 0.05625 0.08125
1 0.68203125 0.64453125 0.0609375 0.1015625
1 0.7390625 0.78515625 0.0453125 0.0921875
1 0.66796875 0.790625 0.0609375 0.0875
1 0.740625 0.9015625 0.0703125 0.090625
1 0.66171875 0.90390625 0.0578125 0.0921875
4 0.59609375 0.90078125 0.059375 0.0921875
4 0.5984375 0.7984375 0.059375 0.0921875
4 0.6 0.6796875 0.0734375 0.09375
4 0.6046875 0.56796875 0.0640625 0.0953125
4 0.60546875 0.4609375 0.0546875 0.1
4 0.61015625 0.35625 0.0578125 0.09375
4 0.6203125 0.259375 0.0609375 0.0953125
3 0.5421875 0.9015625 0.04375 0.090625
3 0.4921875 0.90703125 0.0515625 0.0734375
3 0.484375 0.83125 0.0453125 0.0546875
3 0.53359375 0.81484375 0.0453125 0.06875
3 0.53515625 0.7265625 0.0359375 0.06875
3 0.48828125 0.75390625 0.0390625 0.059375
3 0.4953125 0.6609375 0.0359375 0.0828125
3 0.53671875 0.63984375 0.0390625 0.0625
3 0.54375 0.55078125 0.0359375 0.065625
3 0.4984375 0.55 0.0421875 0.08125
3 0.546875 0.4609375 0.0390625 0.0765625
3 0.5078125 0.4484375 0.0375 0.0765625
3 0.55625 0.36328125 0.04375 0.075
3 0.5125 0.3578125 0.0359375 0.071875
3 0.56015625 0.27890625 0.040625 0.0796875
3 0.51484375 0.27734375 0.0359375 0.078125
3 0.51640625 0.19609375 0.0515625 0.075
3 0.565625 0.20078125 0.0390625 0.059375
0 0.465625 0.1390625 0.04375 0.0375
0 0.4609375 0.19921875 0.040625 0.034375
0 0.46328125 0.240625 0.04375 0.04375
0 0.46171875 0.278125 0.04375 0.0375
0 0.4640625 0.33515625 0.046875 0.0421875
0 0.46171875 0.38671875 0.0421875 0.0390625
0 0.45625 0.4453125 0.0375 0.04375
0 0.4578125 0.49453125 0.046875 0.0453125
0 0.4546875 0.54375 0.040625 0.040625
0 0.453125 0.60546875 0.0390625 0.05
0 0.446875 0.6546875 0.0375 0.0375
0 0.44140625 0.7125 0.034375 0.0390625
0 0.4421875 0.7640625 0.0375 0.0375
0 0.44375 0.80703125 0.040625 0.0375
0 0.43828125 0.859375 0.0375 0.034375
0 0.4359375 0.9140625 0.0328125 0.05
5 0.39375 0.903125 0.0390625 0.0765625
5 0.390625 0.828125 0.0328125 0.046875
5 0.390625 0.759375 0.034375 0.046875
5 0.3859375 0.6890625 0.0390625 0.0515625
5 0.3875 0.628125 0.0390625 0.05625
5 0.38984375 0.559375 0.040625 0.059375
5 0.38359375 0.49140625 0.0484375 0.0546875
5 0.38203125 0.4203125 0.0390625 0.0546875
5 0.38203125 0.35234375 0.040625 0.0484375
5 0.38125 0.29765625 0.04375 0.04375
5 0.3765625 0.23359375 0.0328125 0.046875
5 0.37890625 0.17890625 0.0359375 0.0421875
2 0.32578125 0.91640625 0.059375 0.0390625
2 0.31796875 0.87109375 0.059375 0.03125
2 0.31875 0.82890625 0.059375 0.0375
2 0.3203125 0.7953125 0.05625 0.0234375
2 0.31640625 0.7609375 0.0703125 0.0328125
2 0.321875 0.71953125 0.053125 0.0328125
2 0.32265625 0.6796875 0.0578125 0.0359375
2 0.32421875 0.63828125 0.0734375 0.0328125
2 0.32109375 0.59921875 0.059375 0.028125
2 0.3234375 0.5609375 0.059375 0.0265625
2 0.31953125 0.5203125 0.0640625 0.0296875
2 0.3125 0.47734375 0.0546875 0.0484375
2 0.31328125 0.4328125 0.05625 0.0359375
2 0.3140625 0.39453125 0.0625 0.0265625
2 0.31640625 0.3390625 0.05 0.0390625
2 0.32109375 0.29609375 0.0609375 0.0296875
2 0.3203125 0.246875 0.059375 0.0359375
2 0.32421875 0.2046875 0.065625 0.0296875
2 0.31796875 0.16484375 0.059375 0.0328125
4 0.26328125 0.24609375 0.05 0.0921875
4 0.25703125 0.365625 0.0453125 0.08125
4 0.25625 0.459375 0.046875 0.0796875
4 0.26171875 0.553125 0.053125 0.0859375
4 0.26484375 0.659375 0.059375 0.0875
3 0.20390625 0.6546875 0.0609375 0.0890625
3 0.20625 0.54921875 0.0453125 0.08125
3 0.20703125 0.4484375 0.0390625 0.078125
3 0.20859375 0.34765625 0.05625 0.0859375
3 0.20703125 0.23515625 0.0515625 0.0953125
3 0.20703125 0.76171875 0.053125 0.0734375
3 0.209375 0.87734375 0.0484375 0.0796875
4 0.26640625 0.89296875 0.0453125 0.090625
4 0.2609375 0.77890625 0.0515625 0.0796875
0 0.13125 0.8984375 0.04375 0.0375
0 0.1234375 0.8484375 0.04375 0.0390625
0 0.11875 0.8015625 0.040625 0.04375
0 0.1203125 0.74453125 0.0421875 0.0390625
0 0.13046875 0.675 0.046875 0.04375
0 0.1296875 0.59609375 0.0359375 0.0390625
0 0.13203125 0.5328125 0.040625 0.0375
0 0.12109375 0.49609375 0.0484375 0.03125
0 0.13203125 0.44921875 0.040625 0.040625
0 0.1203125 0.39921875 0.046875 0.05
0 0.128125 0.35546875 0.046875 0.04375
0 0.13046875 0.309375 0.034375 0.0390625
0 0.13828125 0.265625 0.05 0.0359375
0 0.1390625 0.221875 0.0484375 0.034375
0 0.146875 0.18046875 0.040625 0.0359375
0 0.1390625 0.14140625 0.04375 0.034375