5 0.140625 0.15390625 0.0703125 0.0859375
5 0.0953125 0.2671875 0.08125 0.0859375
5 0.15859375 0.26015625 0.0578125 0.075
5 0.16171875 0.36015625 0.059375 0.08125
5 0.10078125 0.37578125 0.0734375 0.09375
5 0.16484375 0.45703125 0.046875 0.0734375
5 0.16171875 0.53828125 0.06875 0.06875
5 0.10390625 0.61484375 0.0703125 0.096875
5 0.165625 0.6140625 0.059375 0.0734375
5 0.1109375 0.715625 0.0625 0.059375
5 0.171875 0.69453125 0.0578125 0.0796875
5 0.1734375 0.790625 0.05625 0.0796875
1 0.26875 0.7828125 0.0578125 0.1140625
1 0.35 0.784375 0.0515625 0.0765625
1 0.33515625 0.7015625 0.053125 0.0890625
1 0.25 0.66875 0.06875 0.1078125
1 0.33046875 0.60390625 0.0671875 0.0796875
1 0.24921875 0.56953125 0.0609375 0.0734375
1 0.31953125 0.5109375 0.0515625 0.0953125
1 0.240625 0.4796875 0.0578125 0.06875
1 0.228125 0.375 0.0640625 0.0859375
1 0.3 0.38203125 0.071875 0.10625
1 0.2234375 0.25078125 0.0546875 0.096875
1 0.29375 0.2359375 0.06875 0.0921875
1 0.20546875 0.13515625 0.0796875 0.096875
1 0.28359375 0.12265625 0.0671875 0.096875
4 0.34921875 0.11640625 0.06875 0.096875
4 0.3609375 0.21796875 0.06875 0.096875
4 0.37578125 0.3359375 0.0828125 0.1
4 0.38671875 0.446875 0.0734375 0.1
4 0.40078125 0.553125 0.0640625 0.1046875
4 0.4109375 0.65703125 0.0671875 0.0984375
4 0.4140625 0.75546875 0.0703125 0.1
3 0.40234375 0.10859375 0.053125 0.0953125
3 0.45078125 0.09609375 0.0578125 0.078125
3 0.46953125 0.1703125 0.05 0.059375
3 0.42265625 0.19296875 0.0515625 0.0734375
3 0.43359375 0.28046875 0.0421875 0.071875
3 0.47578125 0.246875 0.04375 0.0640625
3 0.48203125 0.33984375 0.04375 0.0859375
3 0.44453125 0.36640625 0.0453125 0.0671875
3 0.45 0.45546875 0.0421875 0.06875
3 0.49453125 0.45 0.05 0.0859375
3 0.459375 0.5453125 0.046875 0.08125
3 0.49921875 0.55234375 0.0453125 0.0796875
3 0.46328125 0.64296875 0.0515625 0.0796875
3 0.50703125 0.6421875 0.0421875 0.075
3 0.47109375 0.72734375 0.0484375 0.084375
3 0.51640625 0.72265625 0.04375 0.08125
3 0.5265625 0.803125 0.0578125 0.0796875
3 0.4765625 0.80546875 0.04375 0.0640625
0 0.584375 0.85234375 0.0484375 0.0421875
0 0.58046875 0.7921875 0.04375 0.0390625
0 0.57265625 0.7515625 0.0484375 0.0484375
0 0.56875 0.7140625 0.0484375 0.0421875
0 0.55859375 0.6578125 0.0515625 0.0453125
0 0.55390625 0.60703125 0.046875 0.04375
0 0.55078125 0.5484375 0.0421875 0.0484375
0 0.5421875 0.49921875 0.0515625 0.0484375
0 0.5390625 0.45 0.0453125 0.0453125
0 0.53203125 0.3890625 0.04375 0.0546875
0 0.53125 0.33984375 0.0421875 0.0421875
0 0.528125 0.28203125 0.0390625 0.0421875
0 0.5203125 0.23046875 0.0421875 0.0421875
0 0.5125 0.18828125 0.0453125 0.0421875
0 0.5109375 0.1359375 0.0421875 0.0390625
0 0.50625 0.08125 0.0375 0.053125
5 0.54921875 0.0859375 0.046875 0.08125
5 0.56328125 0.16015625 0.0375 0.05
5 0.571875 0.228125 0.0390625 0.05
5 0.58671875 0.296875 0.04375 0.05625
5 0.59375 0.3578125 0.04375 0.0609375
5 0.60078125 0.4265625 0.0453125 0.0640625
5 0.61640625 0.4921875 0.053125 0.0578125
5 0.628125 0.5625 0.04375 0.059375
5 0.6375 0.6296875 0.0453125 0.053125
5 0.6453125 0.68359375 0.0484375 0.0484375
5 0.659375 0.74609375 0.0375 0.05
5 0.66484375 0.80078125 0.040625 0.046875
2 0.61484375 0.06328125 0.0640625 0.04375
2 0.62890625 0.10703125 0.0625 0.0359375
2 0.634375 0.14921875 0.0640625 0.0421875
2 0.63671875 0.1828125 0.0578125 0.028125
2 0.6453125 0.21640625 0.0734375 0.0390625
2 0.64609375 0.2578125 0.05625 0.0375
2 0.65078125 0.29765625 0.059375 0.040625
2 0.6546875 0.33828125 0.0765625 0.040625
2 0.66328125 0.3765625 0.0625 0.034375
2 0.66640625 0.41484375 0.0625 0.0328125
2 0.6765625 0.4546875 0.0671875 0.0359375
2 0.68828125 0.496875 0.0578125 0.053125
2 0.69375 0.540625 0.059375 0.040625
2 0.6984375 0.57890625 0.065625 0.0328125
2 0.7046875 0.63359375 0.0546875 0.04375
2 0.70625 0.67734375 0.0640625 0.0359375
2 0.71328125 0.72578125 0.0625 0.040625
2 0.715625 0.76796875 0.06875 0.0359375
2 0.7265625 0.80703125 0.0625 0.0375
4 0.7703125 0.71875 0.059375 0.0953125
4 0.759375 0.59921875 0.053125 0.0859375
4 0.746875 0.50703125 0.0546875 0.084375
4 0.72890625 0.4140625 0.0609375 0.090625
4 0.71015625 0.309375 0.0671875 0.0921875
3 0.77109375 0.30546875 0.0703125 0.09375
3 0.784375 0.41015625 0.053125 0.0859375
3 0.796875 0.51015625 0.046875 0.0828125
3 0.809375 0.61015625 0.0625 0.090625
3 0.82734375 0.72109375 0.0609375 0.0984375
3 0.75390625 0.20078125 0.059375 0.078125
3 0.7359375 0.0859375 0.05625 0.0828125
4 0.6765625 0.078125 0.0546875 0.0953125
4 0.6984375 0.190625 0.059375 0.084375
0 0.809375 0.05390625 0.0484375 0.0421875
0 0.82421875 0.103125 0.0484375 0.04375
0 0.83515625 0.1484375 0.0453125 0.0484375
0 0.84140625 0.20546875 0.046875 0.04375
0 0.84140625 0.27578125 0.0515625 0.046875
0 0.85390625 0.353125 0.040625 0.04375
0 0.859375 0.41640625 0.0453125 0.0421875
0 0.87578125 0.4515625 0.0515625 0.0359375
0 0.87109375 0.49921875 0.0453125 0.0453125
0 0.88984375 0.54765625 0.05 0.0515625
0 0.88828125 0.59140625 0.0515625 0.046875
0 0.8921875 0.6375 0.0390625 0.0421875
0 0.890625 0.68203125 0.053125 0.040625
0 0.89609375 0.725 0.05 0.0375
0 0.89375 0.7671875 0.0453125 0.040625
0 0.90703125 0.8046875 0.046875 0.0390625