5 0.140625 0.1140625 0.0359375 0.04375
5 0.18671875 0.11328125 0.03125 0.040625
5 0.2203125 0.1109375 0.025 0.040625
5 0.2546875 0.11953125 0.034375 0.0390625
5 0.29453125 0.11953125 0.0328125 0.053125
5 0.29375 0.16875 0.040625 0.0359375
5 0.2546875 0.16171875 0.040625 0.034375
5 0.22109375 0.15625 0.021875 0.0375
5 0.18203125 0.1578125 0.034375 0.0296875
5 0.1390625 0.15546875 0.034375 0.040625
5 0.13515625 0.1984375 0.034375 0.034375
5 0.1828125 0.1984375 0.028125 0.0375
5 0.215625 0.1953125 0.025 0.034375
5 0.24921875 0.1984375 0.03125 0.03125
5 0.28671875 0.21015625 0.03125 0.0296875
5 0.2828125 0.24921875 0.0296875 0.028125
5 0.24609375 0.24140625 0.0375 0.0390625
5 0.215625 0.23515625 0.025 0.03125
5 0.17734375 0.23515625 0.034375 0.0328125
5 0.13671875 0.23515625 0.034375 0.034375
5 0.1328125 0.26953125 0.034375 0.0375
5 0.1765625 0.2734375 0.03125 0.03125
5 0.21171875 0.27109375 0.025 0.040625
5 0.24375 0.28046875 0.03125 0.0265625
5 0.2796875 0.28671875 0.0359375 0.03125
5 0.28515625 0.3296875 0.034375 0.03125
5 0.24453125 0.32421875 0.034375 0.034375
5 0.2078125 0.31953125 0.0296875 0.0390625
5 0.171875 0.31484375 0.03125 0.04375
5 0.13125 0.31484375 0.0359375 0.034375
5 0.12734375 0.3640625 0.0328125 0.0390625
5 0.1734375 0.36171875 0.0234375 0.0328125
5 0.20703125 0.36484375 0.0234375 0.0359375
5 0.23984375 0.36875 0.0328125 0.034375
5 0.27578125 0.37578125 0.03125 0.034375
5 0.2734375 0.421875 0.03125 0.03125
5 0.23359375 0.41484375 0.040625 0.03125
5 0.2046875 0.409375 0.0296875 0.03125
5 0.16875 0.4078125 0.025 0.03125
5 0.12578125 0.40546875 0.028125 0.04375
5 0.125 0.453125 0.03125 0.0328125
5 0.1640625 0.45625 0.025 0.028125
5 0.20078125 0.45234375 0.034375 0.04375
5 0.2328125 0.4625 0.0296875 0.028125
5 0.26953125 0.4640625 0.03125 0.0234375
5 0.11953125 0.49375 0.03125 0.040625
5 0.16015625 0.4984375 0.03125 0.04375
5 0.20078125 0.496875 0.021875 0.0296875
5 0.23125 0.503125 0.028125 0.0359375
5 0.2671875 0.5109375 0.03125 0.028125
5 0.2625 0.55078125 0.0390625 0.025
5 0.225 0.54765625 0.034375 0.0328125
5 0.1953125 0.54296875 0.021875 0.03125
5 0.15703125 0.540625 0.034375 0.0328125
5 0.11875 0.5390625 0.028125 0.034375
5 0.11640625 0.58125 0.0265625 0.0375
5 0.15390625 0.584375 0.034375 0.0375
5 0.1890625 0.58515625 0.028125 0.0359375
5 0.221875 0.590625 0.028125 0.034375
5 0.2625 0.59609375 0.0375 0.025
5 0.22265625 0.64140625 0.034375 0.03125
5 0.2640625 0.6484375 0.0421875 0.025
5 0.18671875 0.6359375 0.0265625 0.0359375
5 0.15390625 0.6296875 0.025 0.0375
5 0.115625 0.63515625 0.0375 0.034375
5 0.11171875 0.6859375 0.0234375 0.0375
5 0.15078125 0.68671875 0.03125 0.040625
5 0.18359375 0.68828125 0.028125 0.040625
5 0.21875 0.69140625 0.0375 0.0390625
5 0.2546875 0.69609375 0.03125 0.028125
5 0.25390625 0.74921875 0.034375 0.028125
5 0.21015625 0.74453125 0.034375 0.03125
5 0.17421875 0.73828125 0.025 0.0375
5 0.14375 0.73515625 0.0296875 0.0328125
5 0.10625 0.73359375 0.028125 0.034375
5 0.10078125 0.7828125 0.03125 0.0359375
5 0.134375 0.78828125 0.028125 0.0375
5 0.17109375 0.790625 0.028125 0.0390625
5 0.209375 0.79453125 0.040625 0.03125
5 0.2515625 0.79765625 0.0375 0.0234375
5 0.253125 0.840625 0.040625 0.028125
5 0.20703125 0.84296875 0.0375 0.03125
5 0.16484375 0.84296875 0.028125 0.03125
5 0.125 0.840625 0.025 0.0328125
5 0.096875 0.8390625 0.025 0.0375
2 0.34765625 0.1296875 0.053125 0.0328125
2 0.34296875 0.171875 0.0515625 0.0296875
2 0.33671875 0.20859375 0.05625 0.028125
2 0.3375 0.24921875 0.0515625 0.0296875
2 0.33203125 0.2890625 0.0546875 0.03125
2 0.3328125 0.33671875 0.0546875 0.0296875
2 0.3328125 0.38046875 0.05 0.0328125
2 0.3328125 0.42421875 0.053125 0.0390625
2 0.32734375 0.47109375 0.0671875 0.0375
2 0.325 0.50859375 0.053125 0.0296875
2 0.32109375 0.5515625 0.05625 0.0375
2 0.32578125 0.60234375 0.06875 0.0296875
2 0.32578125 0.65390625 0.059375 0.0359375
2 0.3265625 0.70078125 0.0625 0.0375
2 0.325 0.75078125 0.059375 0.025
2 0.32421875 0.8 0.059375 0.028125
2 0.32578125 0.84453125 0.05625 0.0234375
2 0.5390625 0.1453125 0.0359375 0.046875
2 0.54140625 0.19296875 0.034375 0.040625
2 0.5375 0.24296875 0.034375 0.040625
2 0.53828125 0.29140625 0.0359375 0.04375
2 0.53828125 0.3390625 0.0375 0.04375
2 0.53671875 0.38671875 0.0328125 0.046875
2 0.5359375 0.43359375 0.034375 0.0375
2 0.5390625 0.48359375 0.034375 0.0421875
2 0.5421875 0.5328125 0.034375 0.0390625
2 0.54921875 0.58671875 0.03125 0.040625
2 0.55078125 0.64609375 0.03125 0.05
2 0.54921875 0.7140625 0.03125 0.04375
2 0.55390625 0.78828125 0.028125 0.040625
2 0.55234375 0.8546875 0.025 0.040625
3 0.4 0.13203125 0.046875 0.0421875
3 0.40234375 0.17265625 0.05 0.0453125
3 0.40390625 0.2125 0.05 0.0421875
3 0.40234375 0.246875 0.0578125 0.040625
3 0.40703125 0.29453125 0.0703125 0.05
3 0.40703125 0.34140625 0.0640625 0.0375
3 0.41015625 0.384375 0.071875 0.0453125
3 0.40390625 0.4265625 0.065625 0.0328125
3 0.4046875 0.4703125 0.06875 0.0390625
3 0.4015625 0.5125 0.0640625 0.0390625
3 0.403125 0.55625 0.0625 0.0421875
3 0.403125 0.603125 0.065625 0.040625
3 0.40234375 0.65625 0.0625 0.0421875
3 0.40078125 0.7046875 0.071875 0.0296875
3 0.4015625 0.75390625 0.05625 0.0390625
3 0.4 0.803125 0.06875 0.04375
3 0.403125 0.8484375 0.08125 0.040625
4 0.4609375 0.175 0.0296875 0.1265625
4 0.46484375 0.28046875 0.0328125 0.0734375
4 0.46328125 0.3609375 0.0359375 0.0734375
4 0.46171875 0.45546875 0.03125 0.071875
4 0.459375 0.5359375 0.0328125 0.08125
4 0.46484375 0.634375 0.0359375 0.08125
4 0.46640625 0.7296875 0.0421875 0.0875
4 0.4734375 0.8265625 0.0421875 0.0890625
0 0.5203125 0.86328125 0.025 0.0203125
0 0.52265625 0.83046875 0.025 0.025
0 0.51953125 0.7953125 0.028125 0.0328125
0 0.51953125 0.75703125 0.0265625 0.03125
0 0.51875 0.71796875 0.028125 0.034375
0 0.52109375 0.68125 0.021875 0.025
0 0.51640625 0.65 0.021875 0.021875
0 0.5140625 0.6125 0.03125 0.03125
0 0.51640625 0.5828125 0.021875 0.015625
0 0.5140625 0.55625 0.021875 0.0203125
0 0.51015625 0.53203125 0.025 0.01875
0 0.51015625 0.50546875 0.025 0.028125
0 0.50703125 0.47109375 0.0265625 0.028125
0 0.5046875 0.43515625 0.028125 0.025
0 0.50703125 0.40625 0.025 0.0234375
0 0.50390625 0.36953125 0.0296875 0.03125
0 0.50546875 0.3359375 0.028125 0.028125
0 0.503125 0.2984375 0.028125 0.0265625
0 0.50390625 0.26171875 0.03125 0.0296875
0 0.5046875 0.23203125 0.028125 0.03125
0 0.50546875 0.1984375 0.028125 0.0296875
0 0.5078125 0.1671875 0.025 0.03125
0 0.50546875 0.13046875 0.0296875 0.03125
3 0.5765625 0.12578125 0.0453125 0.059375
3 0.5796875 0.19140625 0.040625 0.0484375
3 0.5765625 0.259375 0.046875 0.0609375
3 0.58046875 0.334375 0.0421875 0.059375
3 0.5765625 0.41015625 0.0453125 0.0578125
3 0.58125 0.47421875 0.0453125 0.05
3 0.584375 0.52890625 0.0484375 0.046875
3 0.59140625 0.58203125 0.0375 0.05
3 0.59296875 0.64375 0.0421875 0.0484375
3 0.59375 0.7140625 0.046875 0.0546875
3 0.59765625 0.790625 0.04375 0.04375
3 0.59375 0.85546875 0.0421875 0.046875
4 0.63046875 0.17734375 0.0515625 0.0875
4 0.63359375 0.27109375 0.05625 0.084375
4 0.63671875 0.35546875 0.0578125 0.075
4 0.64453125 0.45390625 0.053125 0.1015625
4 0.64609375 0.55390625 0.05 0.0828125
4 0.65 0.65078125 0.0546875 0.0859375
4 0.65703125 0.75 0.059375 0.0859375
4 0.66015625 0.84765625 0.0546875 0.090625
0 0.684375 0.1171875 0.046875 0.0359375
0 0.68671875 0.14921875 0.0375 0.028125
0 0.68828125 0.18125 0.034375 0.0265625
0 0.6875 0.21328125 0.040625 0.03125
0 0.6921875 0.2453125 0.028125 0.028125
0 0.69921875 0.28671875 0.03125 0.0328125
0 0.69609375 0.325 0.034375 0.028125
0 0.70390625 0.36640625 0.0390625 0.0296875
0 0.70703125 0.39921875 0.034375 0.03125
0 0.7015625 0.44296875 0.034375 0.0328125
0 0.70390625 0.4828125 0.0375 0.021875
0 0.7 0.51796875 0.03125 0.025
0 0.7015625 0.55234375 0.0421875 0.025
0 0.7046875 0.58125 0.0375 0.0296875
0 0.70078125 0.61953125 0.040625 0.03125
0 0.70546875 0.66171875 0.0375 0.0375
0 0.70703125 0.6984375 0.0375 0.028125
0 0.71015625 0.7375 0.0390625 0.025
0 0.70703125 0.76796875 0.034375 0.0171875
0 0.71171875 0.8015625 0.0421875 0.028125
0 0.71484375 0.840625 0.03125 0.0328125
0 0.71484375 0.8796875 0.0375 0.028125
1 0.7203125 0.1484375 0.0296875 0.0625
1 0.76171875 0.15234375 0.0359375 0.06875
1 0.76953125 0.22890625 0.03125 0.053125
1 0.7265625 0.2234375 0.0328125 0.0640625
1 0.7359375 0.296875 0.0359375 0.0734375
1 0.77578125 0.29609375 0.0296875 0.0734375
1 0.78046875 0.37109375 0.0328125 0.065625
1 0.73984375 0.371875 0.0265625 0.059375
1 0.74140625 0.44140625 0.03125 0.05
1 0.78203125 0.43984375 0.0359375 0.05625
1 0.73828125 0.509375 0.03125 0.06875
1 0.7828125 0.5140625 0.0359375 0.0640625
1 0.79140625 0.59375 0.0328125 0.0734375
1 0.74453125 0.5890625 0.0265625 0.0703125
1 0.7515625 0.66953125 0.0265625 0.06875
1 0.7921875 0.671875 0.0390625 0.0671875
1 0.75390625 0.753125 0.0421875 0.05625
1 0.80078125 0.76015625 0.0328125 0.0578125
1 0.76328125 0.85 0.040625 0.0890625
1 0.8078125 0.85234375 0.0390625 0.090625
5 0.82890625 0.125 0.0625 0.0296875
5 0.896875 0.12890625 0.0609375 0.0328125
5 0.83203125 0.1671875 0.0609375 0.0296875
5 0.896875 0.21171875 0.0515625 0.0296875
5 0.89765625 0.16640625 0.053125 0.034375
5 0.8328125 0.2140625 0.05 0.0234375
5 0.82578125 0.26015625 0.05 0.03125
5 0.8921875 0.259375 0.05625 0.0359375
5 0.90625 0.3078125 0.0515625 0.0296875
5 0.8296875 0.30859375 0.065625 0.0328125
5 0.83515625 0.35390625 0.05625 0.0296875
5 0.90390625 0.35 0.0625 0.0421875
5 0.840625 0.40078125 0.059375 0.0265625
5 0.9109375 0.39453125 0.065625 0.0296875
5 0.915625 0.43828125 0.059375 0.0375
5 0.8484375 0.43984375 0.0625 0.0328125
5 0.86015625 0.48359375 0.0734375 0.0296875
5 0.92109375 0.48515625 0.0375 0.03125
5 0.91015625 0.5375 0.0484375 0.0265625
5 0.853125 0.54140625 0.04375 0.028125
5 0.85234375 0.5765625 0.0453125 0.0234375
5 0.90546875 0.57578125 0.046875 0.028125
5 0.86015625 0.6203125 0.059375 0.0265625
5 0.915625 0.64375 0.0421875 0.0640625
5 0.85859375 0.6625 0.0578125 0.0265625
5 0.8578125 0.6984375 0.06875 0.028125
5 0.91015625 0.7296875 0.0453125 0.06875
5 0.8609375 0.7421875 0.0515625 0.0296875
5 0.8640625 0.7890625 0.05625 0.0296875
5 0.91484375 0.8140625 0.0375 0.04375
5 0.8640625 0.834375 0.046875 0.0265625
5 0.91015625 0.87890625 0.0421875 0.05
5 0.859375 0.88125 0.0515625 0.0296875