3 0.17734375 0.1234375 0.053125 0.1125
3 0.234375 0.10703125 0.05234375 0.1125
3 0.2953125 0.090625 0.04296875 0.103125
3 0.35390625 0.0921875 0.05078125 0.10390625
3 0.41171875 0.140625 0.0375 0.096875
3 0.459375 0.090625 0.05 0.10078125
3 0.51640625 0.10390625 0.03125 0.115625
3 0.56328125 0.1203125 0.05 0.08671875
3 0.6234375 0.1296875 0.04765625 0.09765625
3 0.68515625 0.121875 0.05859375 0.096875
3 0.73828125 0.14921875 0.03984375 0.09765625
3 0.790625 0.09609375 0.046875 0.0875
3 0.796875 0.18984375 0.05625 0.07421875
3 0.8015625 0.2828125 0.05703125 0.08828125
3 0.74296875 0.2625 0.0546875 0.10859375
3 0.6921875 0.23671875 0.046875 0.09765625
3 0.6296875 0.21875 0.04453125 0.071875
3 0.57109375 0.20859375 0.040625 0.08046875
3 0.51796875 0.20390625 0.04609375 0.08046875
3 0.46484375 0.1953125 0.04765625 0.08125
3 0.41953125 0.23984375 0.05078125 0.0796875
3 0.35546875 0.18984375 0.05625 0.09453125
3 0.3 0.20234375 0.0484375 0.10234375
3 0.2359375 0.2140625 0.046875 0.09140625
3 0.171875 0.23828125 0.04296875 0.0859375
3 0.1671875 0.35390625 0.05234375 0.08125
3 0.22890625 0.32265625 0.05390625 0.09375
3 0.29375 0.31796875 0.0453125 0.10234375
3 0.36171875 0.30390625 0.0484375 0.10234375
3 0.4171875 0.340625 0.0484375 0.09921875
3 0.4703125 0.29453125 0.04765625 0.0703125
3 0.52109375 0.3015625 0.0375 0.0890625
3 0.5765625 0.31484375 0.0484375 0.0921875
3 0.63359375 0.3234375 0.0453125 0.09375
3 0.69375 0.34453125 0.05 0.09296875
3 0.75234375 0.378125 0.05 0.078125
3 0.80546875 0.390625 0.0421875 0.08359375
3 0.16015625 0.4734375 0.0515625 0.09375
3 0.22578125 0.4515625 0.0515625 0.10546875
3 0.290625 0.434375 0.05234375 0.08984375
3 0.359375 0.4203125 0.06171875 0.10625
3 0.41875 0.45234375 0.04453125 0.10234375
3 0.47109375 0.39453125 0.0484375 0.0984375
3 0.52578125 0.39921875 0.0359375 0.0828125
3 0.584375 0.41484375 0.04921875 0.0828125
3 0.63671875 0.43359375 0.04921875 0.08515625
3 0.70234375 0.465625 0.0546875 0.10390625
3 0.76171875 0.4765625 0.05390625 0.09296875
3 0.81875 0.48984375 0.05 0.0953125
3 0.828125 0.58984375 0.04921875 0.0859375
3 0.7640625 0.5765625 0.0546875 0.090625
3 0.70234375 0.5828125 0.0546875 0.0828125
3 0.6390625 0.51875 0.0390625 0.08203125
3 0.58515625 0.509375 0.0453125 0.08203125
3 0.52890625 0.49296875 0.04140625 0.06875
3 0.475 0.49765625 0.05078125 0.078125
3 0.42578125 0.5625 0.04375 0.0921875
3 0.47890625 0.5921875 0.05078125 0.07890625
3 0.5359375 0.5828125 0.03984375 0.08671875
3 0.59296875 0.60703125 0.0421875 0.08125
3 0.646875 0.6125 0.0484375 0.07578125
3 0.365625 0.5375 0.0515625 0.09453125
3 0.28984375 0.54609375 0.04765625 0.09921875
3 0.22734375 0.56640625 0.05 0.08515625
3 0.1625 0.57578125 0.04140625 0.08125
3 0.15625 0.67109375 0.06875 0.08125
3 0.22734375 0.66875 0.0515625 0.08984375
3 0.290625 0.66875 0.04609375 0.1
3 0.36484375 0.66015625 0.06015625 0.11484375
3 0.42734375 0.67734375 0.04296875 0.09296875
3 0.48125 0.696875 0.04765625 0.09921875
3 0.54765625 0.69765625 0.06171875 0.0875
3 0.6046875 0.7109375 0.040625 0.08984375
3 0.65625 0.71171875 0.04375 0.08203125
3 0.71171875 0.69765625 0.05625 0.1078125
3 0.771875 0.6828125 0.053125 0.07421875
3 0.83125 0.69453125 0.05078125 0.1046875
3 0.853125 0.81640625 0.0578125 0.1015625
3 0.78671875 0.80546875 0.05546875 0.1171875
3 0.7234375 0.825 0.05625 0.08359375
3 0.66484375 0.81875 0.04609375 0.09765625
3 0.6078125 0.81875 0.0421875 0.09296875
3 0.55078125 0.8140625 0.05234375 0.090625
3 0.490625 0.81171875 0.0484375 0.0953125
3 0.43671875 0.80390625 0.05078125 0.1109375
3 0.37109375 0.7953125 0.05703125 0.11484375
3 0.2953125 0.79296875 0.05 0.10859375
3 0.228125 0.79375 0.04921875 0.09921875
3 0.15703125 0.79453125 0.04140625 0.09296875