5 0.3328125 0.90234375 0.0484375 0.0578125
5 0.2703125 0.9 0.0609375 0.0640625
5 0.215625 0.90234375 0.0359375 0.0578125
5 0.15 0.89375 0.0453125 0.0546875
5 0.09296875 0.8859375 0.025 0.0515625
5 0.0890625 0.8078125 0.0390625 0.05
5 0.1453125 0.8171875 0.0359375 0.0484375
5 0.2125 0.821875 0.0453125 0.0484375
5 0.2703125 0.82734375 0.0421875 0.0609375
5 0.3328125 0.83359375 0.04375 0.0484375
5 0.33671875 0.76484375 0.0421875 0.053125
5 0.27109375 0.76015625 0.0390625 0.05625
5 0.21640625 0.75 0.0453125 0.053125
5 0.14453125 0.74453125 0.0453125 0.05
5 0.08984375 0.7328125 0.0375 0.0578125
5 0.34140625 0.70234375 0.046875 0.0578125
5 0.275 0.68984375 0.059375 0.05625
5 0.2140625 0.68671875 0.040625 0.0546875
5 0.140625 0.67265625 0.0484375 0.0625
5 0.08828125 0.6578125 0.034375 0.0453125
5 0.34609375 0.6421875 0.0546875 0.0546875
5 0.27109375 0.62734375 0.0421875 0.0640625
5 0.215625 0.615625 0.0390625 0.0578125
5 0.14765625 0.6078125 0.0546875 0.05
5 0.08984375 0.590625 0.040625 0.053125
5 0.15 0.54609375 0.0484375 0.0515625
5 0.2203125 0.5578125 0.0546875 0.0578125
5 0.28125 0.55859375 0.0421875 0.0546875
5 0.35 0.5671875 0.0421875 0.0640625
5 0.08828125 0.51484375 0.0421875 0.0546875
5 0.15625 0.48359375 0.05625 0.0515625
5 0.21953125 0.4875 0.0484375 0.0546875
5 0.28125 0.48671875 0.046875 0.05
5 0.35546875 0.49453125 0.05 0.0609375
5 0.35625 0.421875 0.0421875 0.0609375
5 0.28203125 0.428125 0.046875 0.0515625
5 0.2234375 0.42578125 0.05 0.053125
5 0.1515625 0.4140625 0.0453125 0.0640625
5 0.08671875 0.44296875 0.0390625 0.0609375
5 0.08515625 0.365625 0.05 0.0609375
5 0.1546875 0.34140625 0.0484375 0.059375
5 0.23125 0.35703125 0.046875 0.0578125
5 0.29453125 0.365625 0.05625 0.0578125
5 0.36171875 0.34140625 0.0578125 0.0609375
5 0.296875 0.296875 0.05 0.0609375
5 0.22734375 0.27890625 0.05 0.0546875
5 0.1625 0.2640625 0.0609375 0.065625
5 0.09296875 0.29296875 0.0515625 0.0765625
5 0.09296875 0.2109375 0.059375 0.0578125
5 0.1546875 0.1953125 0.0484375 0.05625
5 0.09609375 0.13984375 0.0515625 0.053125
5 0.16015625 0.12890625 0.0640625 0.0625
5 0.22578125 0.1359375 0.0421875 0.05625
5 0.22578125 0.20234375 0.0359375 0.0609375
5 0.3 0.2234375 0.0484375 0.0578125
5 0.36875 0.26640625 0.0640625 0.0640625
5 0.3671875 0.19609375 0.05625 0.0640625
5 0.371875 0.134375 0.04375 0.0609375
5 0.2984375 0.15 0.046875 0.06875