4 0.20390625 0.10390625 0.11171875 0.02734375
4 0.33984375 0.103125 0.10234375 0.02421875
4 0.45546875 0.09453125 0.1 0.025
4 0.58984375 0.09375 0.12734375 0.02890625
4 0.709375 0.0921875 0.0890625 0.03125
4 0.840625 0.0953125 0.10546875 0.0296875
4 0.8375 0.1296875 0.1125 0.02890625
4 0.83359375 0.15625 0.103125 0.0203125
4 0.703125 0.12421875 0.09609375 0.028125
4 0.57890625 0.12578125 0.1 0.0234375
4 0.4609375 0.128125 0.1078125 0.028125
4 0.33828125 0.13046875 0.10546875 0.03515625
4 0.2078125 0.1328125 0.11640625 0.02265625
4 0.2078125 0.1578125 0.10703125 0.01796875
4 0.3375 0.1578125 0.109375 0.0203125
4 0.46328125 0.15703125 0.11171875 0.02421875
4 0.59296875 0.153125 0.1140625 0.02421875
4 0.70546875 0.1546875 0.0984375 0.021875
4 0.8390625 0.18203125 0.10234375 0.0265625
4 0.7109375 0.18203125 0.09453125 0.025
4 0.5984375 0.18125 0.10390625 0.0234375
4 0.46640625 0.18203125 0.109375 0.02265625
4 0.3421875 0.1828125 0.09609375 0.0203125
4 0.2125 0.1875 0.125 0.0234375
4 0.21171875 0.21796875 0.1234375 0.0265625
4 0.3390625 0.2125 0.10078125 0.021875
4 0.47578125 0.20859375 0.121875 0.021875
4 0.58984375 0.21015625 0.09609375 0.02109375
4 0.70390625 0.21171875 0.0953125 0.02109375
4 0.83046875 0.2140625 0.10078125 0.025
4 0.83828125 0.24375 0.11484375 0.025
4 0.71171875 0.2375 0.10390625 0.02421875
4 0.590625 0.23828125 0.1 0.01953125
4 0.47421875 0.23984375 0.11484375 0.0203125
4 0.33984375 0.24375 0.109375 0.01328125
4 0.2109375 0.246875 0.11796875 0.01796875
4 0.1890625 0.27109375 0.1734375 0.01875
4 0.346875 0.26640625 0.13046875 0.01875
4 0.4828125 0.26328125 0.13046875 0.01953125
4 0.6140625 0.2640625 0.11953125 0.021875
4 0.72265625 0.26171875 0.084375 0.021875
4 0.83359375 0.26484375 0.1078125 0.028125
4 0.840625 0.29609375 0.12578125 0.021875
4 0.71328125 0.29453125 0.0984375 0.0265625
4 0.59609375 0.29609375 0.115625 0.02578125
4 0.46171875 0.29375 0.1125 0.03046875
4 0.33515625 0.296875 0.1203125 0.03125
4 0.1984375 0.29765625 0.12109375 0.02421875
4 0.2046875 0.3296875 0.121875 0.02890625
4 0.34296875 0.33125 0.10390625 0.0328125
4 0.4609375 0.33046875 0.10703125 0.02890625
4 0.59609375 0.33359375 0.11953125 0.03203125
4 0.72734375 0.33046875 0.1078125 0.02734375
4 0.846875 0.33125 0.1140625 0.03828125
4 0.84609375 0.36484375 0.11328125 0.02890625
4 0.72109375 0.3640625 0.103125 0.03046875
4 0.5984375 0.3640625 0.1125 0.02578125
4 0.45625 0.36171875 0.096875 0.0265625
4 0.340625 0.36328125 0.1 0.02578125
4 0.18984375 0.3609375 0.1109375 0.02890625
4 0.1890625 0.3984375 0.13203125 0.0234375
4 0.175 0.43515625 0.13828125 0.0265625
4 0.334375 0.434375 0.1265625 0.0296875
4 0.46171875 0.43203125 0.10546875 0.028125
4 0.58984375 0.4328125 0.1171875 0.0296875
4 0.7234375 0.4359375 0.1046875 0.0296875
4 0.84453125 0.4390625 0.12578125 0.02890625
4 0.8453125 0.40546875 0.1171875 0.0296875
4 0.7140625 0.4 0.10859375 0.0296875
4 0.590625 0.40234375 0.115625 0.025
4 0.46015625 0.39921875 0.1203125 0.01953125
4 0.33515625 0.39921875 0.11796875 0.01875
0 0.15703125 0.47421875 0.0265625 0.02109375
0 0.20234375 0.47109375 0.0328125 0.02109375
0 0.246875 0.471875 0.0296875 0.021875
0 0.2890625 0.46875 0.02734375 0.02265625
0 0.34140625 0.46796875 0.03984375 0.02265625
0 0.39296875 0.46484375 0.03515625 0.01796875
0 0.434375 0.46953125 0.0234375 0.01953125
0 0.47421875 0.46953125 0.0234375 0.0203125
0 0.50625 0.46796875 0.0296875 0.02265625
0 0.54921875 0.46484375 0.0328125 0.028125
0 0.58828125 0.47109375 0.02890625 0.01953125
0 0.62890625 0.46796875 0.03359375 0.0203125
0 0.66953125 0.4671875 0.02734375 0.021875
0 0.70390625 0.46796875 0.02578125 0.01875
0 0.746875 0.46640625 0.03359375 0.0171875
0 0.7859375 0.46640625 0.025 0.0203125
0 0.8296875 0.465625 0.03359375 0.01796875
0 0.86875 0.46484375 0.03046875 0.01796875
0 0.87578125 0.490625 0.03828125 0.02109375
0 0.83046875 0.48984375 0.03359375 0.0203125
0 0.7890625 0.4921875 0.02890625 0.0203125
0 0.7515625 0.4921875 0.03125 0.0203125
0 0.70859375 0.4921875 0.025 0.015625
0 0.66953125 0.49375 0.0328125 0.02265625
0 0.628125 0.4921875 0.03203125 0.02265625
0 0.58671875 0.49296875 0.03203125 0.01875
0 0.54921875 0.49453125 0.0265625 0.0203125
0 0.50625 0.4953125 0.03125 0.01875
0 0.471875 0.49296875 0.02890625 0.0234375
0 0.4296875 0.49296875 0.03125 0.021875
0 0.38828125 0.49140625 0.03203125 0.0234375
0 0.340625 0.49375 0.03046875 0.015625
0 0.290625 0.496875 0.0265625 0.01875
0 0.25234375 0.4984375 0.03046875 0.0171875
0 0.2 0.4984375 0.03515625 0.01953125
0 0.15546875 0.50078125 0.02734375 0.0203125
0 0.871875 0.51484375 0.03984375 0.02265625
0 0.83046875 0.515625 0.0421875 0.02109375
0 0.7859375 0.51640625 0.03671875 0.01796875
0 0.753125 0.51796875 0.0296875 0.0203125
0 0.71171875 0.5203125 0.03203125 0.01953125
0 0.66953125 0.52109375 0.034375 0.02265625
0 0.6296875 0.52265625 0.03671875 0.01875
0 0.58828125 0.525 0.02890625 0.01875
0 0.54609375 0.5265625 0.03125 0.021875
0 0.50859375 0.528125 0.021875 0.0171875
0 0.4703125 0.5265625 0.03671875 0.02265625
0 0.43046875 0.5296875 0.03515625 0.0234375
0 0.3859375 0.5296875 0.03125 0.0265625
0 0.34375 0.5296875 0.02734375 0.02265625
0 0.29453125 0.52734375 0.02890625 0.021875
0 0.24609375 0.52734375 0.03046875 0.0203125
0 0.1984375 0.5328125 0.02734375 0.02265625
0 0.15625 0.53515625 0.03203125 0.0203125
0 0.153125 0.5671875 0.02578125 0.0296875
0 0.19921875 0.565625 0.02890625 0.02265625
0 0.2453125 0.56171875 0.03359375 0.01953125
0 0.29296875 0.5625 0.0296875 0.02265625
0 0.3390625 0.5609375 0.02890625 0.02421875
0 0.38359375 0.5578125 0.0265625 0.0203125
0 0.42734375 0.55859375 0.02734375 0.021875
0 0.471875 0.56015625 0.0296875 0.0234375
0 0.51171875 0.5609375 0.03125 0.02421875
0 0.54375 0.5578125 0.02578125 0.025
0 0.58125 0.5546875 0.03203125 0.0234375
0 0.62890625 0.55234375 0.0265625 0.025
0 0.66640625 0.553125 0.025 0.0203125
0 0.70703125 0.55078125 0.021875 0.0234375
0 0.74765625 0.5484375 0.03671875 0.01875
0 0.7921875 0.5484375 0.03359375 0.01875
0 0.82890625 0.54453125 0.03359375 0.0296875
0 0.871875 0.54140625 0.03203125 0.02421875
0 0.87578125 0.57265625 0.046875 0.02890625
0 0.83125 0.57421875 0.03515625 0.0234375
0 0.7875 0.57734375 0.028125 0.021875
0 0.74921875 0.578125 0.0296875 0.0234375
0 0.7125 0.57890625 0.03828125 0.02265625
0 0.67578125 0.584375 0.03359375 0.021875
0 0.6296875 0.58359375 0.03359375 0.02109375
0 0.5859375 0.58359375 0.02890625 0.0234375
0 0.54765625 0.5875 0.0328125 0.0203125
0 0.51328125 0.590625 0.03671875 0.02734375
0 0.47890625 0.5890625 0.02890625 0.02265625
0 0.43515625 0.58828125 0.03828125 0.02578125
0 0.38203125 0.590625 0.0375 0.02421875
0 0.3375 0.5921875 0.03125 0.02109375
0 0.29140625 0.59453125 0.02421875 0.01875
0 0.2515625 0.596875 0.03125 0.021875
0 0.2015625 0.59921875 0.02578125 0.0203125
0 0.153125 0.6 0.0328125 0.0234375
1 0.13828125 0.63828125 0.0921875 0.0265625
1 0.234375 0.62890625 0.0765625 0.0265625
1 0.3265625 0.62421875 0.078125 0.03359375
1 0.41875 0.6203125 0.08046875 0.025
1 0.528125 0.61640625 0.08515625 0.0234375
1 0.63671875 0.6109375 0.1109375 0.0234375
1 0.73828125 0.60859375 0.08046875 0.0234375
1 0.8296875 0.603125 0.09765625 0.02265625
1 0.840625 0.6359375 0.1109375 0.01875
1 0.74140625 0.6390625 0.09609375 0.0234375
1 0.63203125 0.64609375 0.090625 0.01640625
1 0.534375 0.6515625 0.08828125 0.01953125
1 0.43125 0.65546875 0.08046875 0.02578125
1 0.33359375 0.66015625 0.08828125 0.01953125
1 0.23984375 0.66484375 0.090625 0.021875
1 0.1390625 0.6671875 0.08828125 0.02265625
1 0.140625 0.70546875 0.08828125 0.02578125
1 0.24609375 0.69609375 0.08125 0.0203125
1 0.346875 0.6921875 0.0921875 0.01875
1 0.43359375 0.68671875 0.09140625 0.0203125
1 0.54375 0.68203125 0.10390625 0.025
1 0.64609375 0.67578125 0.10078125 0.025
1 0.74921875 0.675 0.09453125 0.028125
1 0.84296875 0.67265625 0.084375 0.03359375
1 0.85 0.71328125 0.08984375 0.0328125
1 0.74609375 0.71640625 0.10078125 0.0234375
1 0.6375 0.71640625 0.1078125 0.034375
1 0.53984375 0.71875 0.09140625 0.028125
1 0.43671875 0.72421875 0.09140625 0.025
1 0.34765625 0.72578125 0.08359375 0.02421875
1 0.24375 0.73125 0.07265625 0.025
1 0.14375 0.7375 0.08984375 0.02578125
1 0.14375 0.7703125 0.08359375 0.02734375
1 0.26015625 0.765625 0.09921875 0.01875
1 0.353125 0.7609375 0.08828125 0.02578125
1 0.44453125 0.75546875 0.0796875 0.0234375
1 0.5390625 0.753125 0.08203125 0.0234375
1 0.63515625 0.75390625 0.0953125 0.028125
1 0.740625 0.7515625 0.08359375 0.0328125
1 0.83671875 0.74921875 0.090625 0.03359375
1 0.85390625 0.7828125 0.1125 0.02890625
1 0.7484375 0.78046875 0.0984375 0.03046875
1 0.6453125 0.7828125 0.09375 0.02578125
1 0.54296875 0.7875 0.09609375 0.03046875
1 0.43984375 0.78828125 0.078125 0.028125
1 0.35859375 0.79296875 0.0859375 0.0234375
1 0.25703125 0.79609375 0.0984375 0.0234375
1 0.16328125 0.803125 0.08671875 0.02109375
1 0.1515625 0.83515625 0.090625 0.02578125
1 0.253125 0.83125 0.08671875 0.02265625
1 0.34921875 0.828125 0.08046875 0.0265625
1 0.44453125 0.82265625 0.0921875 0.02578125
1 0.540625 0.8203125 0.08671875 0.025
1 0.6375 0.8203125 0.0875 0.028125
1 0.74453125 0.8203125 0.0984375 0.0265625
1 0.84375 0.8171875 0.08203125 0.03125
1 0.859375 0.85625 0.1046875 0.03359375
1 0.7484375 0.85625 0.09453125 0.0296875
1 0.65 0.85390625 0.0890625 0.02734375
1 0.54765625 0.86015625 0.09375 0.025
1 0.44609375 0.86171875 0.0890625 0.02578125
1 0.3578125 0.86015625 0.08046875 0.02421875
1 0.26171875 0.86484375 0.09921875 0.02734375
1 0.14375 0.86796875 0.08828125 0.0234375