3 0.19765625 0.10703125 0.059375 0.115625
3 0.25546875 0.09375 0.059375 0.115625
3 0.3171875 0.08046875 0.0484375 0.1046875
3 0.37578125 0.08515625 0.0546875 0.10625
3 0.43046875 0.13671875 0.0421875 0.0984375
3 0.48046875 0.0890625 0.0546875 0.103125
3 0.5375 0.10546875 0.0375 0.1171875
3 0.5828125 0.12421875 0.0546875 0.090625
3 0.64296875 0.13671875 0.0515625 0.0984375
3 0.7046875 0.13203125 0.0640625 0.1
3 0.75625 0.1625 0.0453125 0.0984375
3 0.81171875 0.11171875 0.0515625 0.0890625
3 0.8125 0.20546875 0.059375 0.078125
3 0.8125 0.29921875 0.0609375 0.090625
3 0.7546875 0.27578125 0.0609375 0.1125
3 0.70546875 0.246875 0.0515625 0.0984375
3 0.64453125 0.22578125 0.046875 0.0734375
3 0.5859375 0.2125 0.0453125 0.0828125
3 0.53359375 0.20546875 0.0515625 0.0828125
3 0.48046875 0.19375 0.0515625 0.0828125
3 0.43359375 0.2359375 0.0546875 0.0828125
3 0.371875 0.1828125 0.0609375 0.096875
3 0.315625 0.1921875 0.053125 0.10625
3 0.2515625 0.20078125 0.0515625 0.0921875
3 0.1859375 0.22109375 0.0484375 0.0875
3 0.175 0.33671875 0.0578125 0.084375
3 0.23828125 0.30859375 0.0578125 0.096875
3 0.30390625 0.3078125 0.05 0.1046875
3 0.371875 0.296875 0.053125 0.10625
3 0.42578125 0.33671875 0.053125 0.103125
3 0.48125 0.29296875 0.05 0.0734375
3 0.53125 0.303125 0.0421875 0.090625
3 0.5859375 0.31875 0.053125 0.0953125
3 0.64296875 0.33046875 0.05 0.0953125
3 0.7015625 0.3546875 0.0546875 0.096875
3 0.75859375 0.39140625 0.0546875 0.08125
3 0.8109375 0.40703125 0.046875 0.0859375
3 0.16171875 0.45546875 0.05625 0.096875
3 0.22890625 0.4375 0.0578125 0.109375
3 0.29453125 0.4234375 0.0578125 0.09375
3 0.3640625 0.41328125 0.06875 0.109375
3 0.42109375 0.4484375 0.0484375 0.1046875
3 0.4765625 0.39296875 0.053125 0.1015625
3 0.53125 0.40078125 0.040625 0.084375
3 0.5890625 0.41953125 0.0546875 0.0859375
3 0.63984375 0.440625 0.0546875 0.0875
3 0.70390625 0.4765625 0.059375 0.10625
3 0.7625 0.490625 0.0578125 0.096875
3 0.81875 0.50625 0.0546875 0.0984375
3 0.82265625 0.60703125 0.0546875 0.0890625
3 0.759375 0.590625 0.059375 0.09375
3 0.69765625 0.59296875 0.059375 0.0859375
3 0.6375 0.52578125 0.04375 0.0828125
3 0.584375 0.5140625 0.05 0.0828125
3 0.52890625 0.49453125 0.04375 0.0703125
3 0.475 0.49609375 0.0546875 0.08125
3 0.42265625 0.55859375 0.0484375 0.09375
3 0.47421875 0.590625 0.0546875 0.08125
3 0.53125 0.584375 0.0453125 0.0890625
3 0.5875 0.61171875 0.046875 0.0828125
3 0.640625 0.6203125 0.0515625 0.078125
3 0.3640625 0.53046875 0.05625 0.096875
3 0.2875 0.53515625 0.0515625 0.1015625
3 0.22421875 0.55234375 0.0546875 0.0875
3 0.159375 0.5578125 0.0453125 0.0828125
3 0.14765625 0.653125 0.0734375 0.084375
3 0.21875 0.65390625 0.05625 0.09375
3 0.28203125 0.6578125 0.0515625 0.1015625
3 0.35703125 0.653125 0.065625 0.11875
3 0.41796875 0.6734375 0.0484375 0.0953125
3 0.47109375 0.6953125 0.0515625 0.1015625
3 0.5375 0.7 0.0671875 0.090625
3 0.59375 0.71640625 0.0453125 0.0921875
3 0.6453125 0.71953125 0.0484375 0.0828125
3 0.70078125 0.70859375 0.0625 0.1109375
3 0.76171875 0.696875 0.05625 0.078125
3 0.8203125 0.71171875 0.0546875 0.1078125
3 0.8359375 0.834375 0.0625 0.1046875
3 0.7703125 0.8203125 0.0625 0.1203125
3 0.70625 0.8359375 0.0609375 0.0875
3 0.64765625 0.8265625 0.0515625 0.0984375
3 0.590625 0.82421875 0.046875 0.0953125
3 0.534375 0.81640625 0.0578125 0.09375
3 0.47421875 0.8109375 0.053125 0.0984375
3 0.42109375 0.8 0.05625 0.1140625
3 0.35546875 0.78828125 0.0625 0.11875
3 0.28046875 0.78203125 0.05625 0.1125
3 0.21328125 0.77890625 0.0546875 0.103125
3 0.1421875 0.7765625 0.0453125 0.0953125