4 0.11484375 0.809375 0.03125 0.1125
4 0.10859375 0.67421875 0.028125 0.1046875
4 0.09609375 0.55859375 0.028125 0.1015625
4 0.090625 0.42421875 0.0328125 0.1296875
4 0.08515625 0.3046875 0.034375 0.090625
4 0.08359375 0.1734375 0.0328125 0.1078125
4 0.11796875 0.17578125 0.0328125 0.1140625
4 0.14453125 0.17890625 0.0234375 0.103125
4 0.1171875 0.31015625 0.03125 0.0984375
4 0.1234375 0.434375 0.0265625 0.1
4 0.1296875 0.55234375 0.03125 0.109375
4 0.13671875 0.67421875 0.0375 0.1078125
4 0.14296875 0.8046875 0.0265625 0.1171875
4 0.16796875 0.80390625 0.021875 0.1078125
4 0.1640625 0.67421875 0.0234375 0.109375
4 0.15859375 0.5484375 0.0296875 0.1140625
4 0.15 0.41953125 0.0296875 0.115625
4 0.14765625 0.30703125 0.025 0.0984375
4 0.1703125 0.171875 0.0296875 0.1046875
4 0.175 0.3 0.028125 0.0953125
4 0.178125 0.4125 0.0265625 0.103125
4 0.18359375 0.54453125 0.025 0.109375
4 0.18828125 0.66875 0.0234375 0.096875
4 0.19765625 0.7984375 0.028125 0.125
4 0.228125 0.79765625 0.03125 0.125
4 0.21796875 0.67109375 0.025 0.1
4 0.209375 0.534375 0.0265625 0.121875
4 0.20703125 0.4203125 0.025 0.096875
4 0.2046875 0.30625 0.025 0.0953125
4 0.20234375 0.1796875 0.028125 0.1015625
4 0.23203125 0.17109375 0.0296875 0.1171875
4 0.23046875 0.29765625 0.028125 0.1046875
4 0.23515625 0.41875 0.021875 0.1
4 0.240625 0.53515625 0.025 0.115625
4 0.24921875 0.66875 0.015625 0.109375
4 0.25703125 0.79765625 0.0234375 0.11875
4 0.28203125 0.81875 0.025 0.1734375
4 0.271875 0.6609375 0.0234375 0.13125
4 0.2640625 0.52578125 0.0234375 0.13125
4 0.26015625 0.39453125 0.0265625 0.11875
4 0.25390625 0.2859375 0.025 0.084375
4 0.253125 0.175 0.03125 0.109375
4 0.284375 0.16640625 0.0265625 0.125
4 0.2875 0.29375 0.0296875 0.1
4 0.29296875 0.4109375 0.0296875 0.1171875
4 0.2953125 0.5453125 0.0359375 0.1140625
4 0.303125 0.671875 0.0359375 0.121875
4 0.30859375 0.80859375 0.0296875 0.1234375
4 0.33984375 0.80078125 0.0328125 0.1234375
4 0.33671875 0.6625 0.0359375 0.1046875
4 0.33203125 0.5453125 0.03125 0.1078125
4 0.33046875 0.41015625 0.0359375 0.1203125
4 0.32265625 0.27890625 0.03125 0.109375
4 0.31953125 0.159375 0.0421875 0.115625
4 0.353125 0.15859375 0.0328125 0.1140625
4 0.35625 0.28359375 0.034375 0.1046875
4 0.3609375 0.40625 0.0296875 0.1140625
4 0.36328125 0.5484375 0.0296875 0.0984375
4 0.36875 0.6640625 0.028125 0.1015625
4 0.371875 0.81484375 0.03125 0.1125
4 0.409375 0.8140625 0.028125 0.13125
4 0.446875 0.82734375 0.03125 0.1390625
4 0.43984375 0.66796875 0.034375 0.128125
4 0.43359375 0.540625 0.03125 0.1078125
4 0.4296875 0.4125 0.034375 0.11875
4 0.428125 0.27890625 0.0328125 0.10625
4 0.42734375 0.1578125 0.0328125 0.1265625
4 0.39375 0.1578125 0.034375 0.11875
4 0.39296875 0.28984375 0.0328125 0.1109375
4 0.39921875 0.4125 0.0296875 0.1171875
4 0.40078125 0.54296875 0.0234375 0.1203125
4 0.4046875 0.66796875 0.0234375 0.11875
0 0.4859375 0.84375 0.0234375 0.0265625
0 0.48125 0.7984375 0.0234375 0.0328125
0 0.48046875 0.75390625 0.0234375 0.0296875
0 0.47578125 0.71171875 0.0234375 0.028125
0 0.4734375 0.659375 0.0234375 0.040625
0 0.46875 0.6078125 0.0203125 0.034375
0 0.471875 0.56640625 0.0203125 0.0234375
0 0.4703125 0.5265625 0.021875 0.0234375
0 0.46796875 0.49453125 0.0234375 0.0296875
0 0.46328125 0.45234375 0.0296875 0.034375
0 0.46796875 0.4125 0.0203125 0.028125
0 0.46328125 0.37265625 0.021875 0.034375
0 0.4609375 0.33203125 0.0234375 0.028125
0 0.4609375 0.29765625 0.0203125 0.025
0 0.4578125 0.2546875 0.01875 0.034375
0 0.45625 0.215625 0.021875 0.025
0 0.45390625 0.171875 0.0203125 0.034375
0 0.45234375 0.1328125 0.0203125 0.03125
0 0.47734375 0.125 0.0234375 0.0375
0 0.478125 0.1703125 0.021875 0.034375
0 0.48203125 0.21171875 0.021875 0.028125
0 0.48359375 0.24921875 0.021875 0.03125
0 0.48515625 0.2921875 0.0171875 0.025
0 0.4875 0.33046875 0.0234375 0.0328125
0 0.4875 0.371875 0.0234375 0.03125
0 0.48984375 0.41328125 0.0203125 0.03125
0 0.49296875 0.45078125 0.021875 0.0265625
0 0.4953125 0.49375 0.0203125 0.03125
0 0.49375 0.528125 0.025 0.0296875
0 0.4953125 0.5703125 0.0234375 0.03125
0 0.4953125 0.61171875 0.025 0.0328125
0 0.49921875 0.659375 0.0171875 0.03125
0 0.50390625 0.709375 0.0203125 0.0265625
0 0.50703125 0.74765625 0.01875 0.03125
0 0.50859375 0.8 0.0203125 0.034375
0 0.5125 0.84453125 0.021875 0.028125
0 0.5015625 0.128125 0.0234375 0.040625
0 0.50390625 0.16953125 0.0234375 0.0421875
0 0.50625 0.21328125 0.0203125 0.0375
0 0.509375 0.24609375 0.021875 0.0296875
0 0.51328125 0.2875 0.0203125 0.03125
0 0.51484375 0.3296875 0.0234375 0.034375
0 0.51796875 0.36953125 0.0203125 0.0375
0 0.521875 0.4109375 0.0203125 0.028125
0 0.525 0.453125 0.0234375 0.03125
0 0.528125 0.490625 0.0171875 0.021875
0 0.52734375 0.52890625 0.0234375 0.0375
0 0.53203125 0.56875 0.025 0.0359375
0 0.53359375 0.61328125 0.028125 0.0328125
0 0.53515625 0.65546875 0.0234375 0.028125
0 0.534375 0.7046875 0.0234375 0.028125
0 0.5359375 0.753125 0.021875 0.03125
0 0.54296875 0.8 0.0234375 0.028125
0 0.546875 0.8421875 0.021875 0.03125
0 0.57890625 0.84453125 0.03125 0.0265625
0 0.57578125 0.7984375 0.0234375 0.028125
0 0.5703125 0.75234375 0.0203125 0.034375
0 0.56953125 0.7046875 0.0234375 0.0296875
0 0.56640625 0.65859375 0.0265625 0.0296875
0 0.56171875 0.6140625 0.021875 0.0265625
0 0.5609375 0.5703125 0.0234375 0.028125
0 0.5609375 0.52578125 0.025 0.03125
0 0.56015625 0.4859375 0.0265625 0.0328125
0 0.55625 0.45390625 0.0265625 0.0265625
0 0.5515625 0.4171875 0.025 0.0328125
0 0.54765625 0.36953125 0.0265625 0.028125
0 0.54765625 0.33203125 0.021875 0.025
0 0.54375 0.29140625 0.0234375 0.0234375
0 0.53984375 0.25078125 0.0203125 0.0375
0 0.53828125 0.20625 0.0203125 0.034375
0 0.5328125 0.16953125 0.03125 0.0359375
0 0.528125 0.1265625 0.0265625 0.0328125
0 0.559375 0.121875 0.0296875 0.0484375
0 0.5625 0.16640625 0.025 0.0359375
0 0.5671875 0.21015625 0.0234375 0.028125
0 0.56953125 0.2484375 0.025 0.03125
0 0.57109375 0.28515625 0.0234375 0.0375
0 0.578125 0.32109375 0.0234375 0.034375
0 0.57890625 0.3671875 0.0234375 0.034375
0 0.58046875 0.4109375 0.025 0.0296875
0 0.5859375 0.44921875 0.021875 0.0328125
0 0.58984375 0.48359375 0.0296875 0.0390625
0 0.58984375 0.51796875 0.0234375 0.028125
0 0.590625 0.56171875 0.0265625 0.0390625
0 0.59453125 0.61484375 0.0265625 0.0390625
0 0.59765625 0.659375 0.0234375 0.03125
0 0.6015625 0.70546875 0.0203125 0.025
0 0.60546875 0.74453125 0.0234375 0.03125
0 0.609375 0.79453125 0.021875 0.025
0 0.61171875 0.84296875 0.025 0.034375
1 0.65078125 0.85703125 0.0296875 0.09375
1 0.63828125 0.7609375 0.0296875 0.078125
1 0.63046875 0.66875 0.0375 0.0796875
1 0.6234375 0.57734375 0.028125 0.0828125
1 0.615625 0.46796875 0.0265625 0.084375
1 0.60625 0.359375 0.0265625 0.1109375
1 0.6 0.2578125 0.0265625 0.08125
1 0.59140625 0.1671875 0.025 0.096875
1 0.62421875 0.1546875 0.021875 0.1109375
1 0.63046875 0.25390625 0.0265625 0.096875
1 0.64140625 0.36328125 0.01875 0.090625
1 0.65 0.46015625 0.021875 0.0875
1 0.6578125 0.56328125 0.028125 0.0828125
1 0.665625 0.6609375 0.021875 0.0875
1 0.6734375 0.75390625 0.025 0.090625
1 0.6796875 0.8546875 0.025 0.0875
1 0.71796875 0.85234375 0.028125 0.090625
1 0.7046875 0.746875 0.0234375 0.08125
1 0.69765625 0.64609375 0.021875 0.0921875
1 0.6890625 0.56015625 0.0234375 0.090625
1 0.68046875 0.45 0.028125 0.1046875
1 0.6703125 0.34765625 0.028125 0.1015625
1 0.66640625 0.24453125 0.03125 0.0953125
1 0.6609375 0.1515625 0.0375 0.0859375
1 0.70078125 0.14296875 0.0359375 0.0921875
1 0.7078125 0.246875 0.0265625 0.1
1 0.71171875 0.3546875 0.0375 0.109375
1 0.7171875 0.45234375 0.03125 0.0921875
1 0.7265625 0.55546875 0.028125 0.0921875
1 0.73125 0.64453125 0.028125 0.0859375
1 0.73984375 0.74765625 0.028125 0.0734375
1 0.75 0.84765625 0.028125 0.0921875
1 0.7828125 0.846875 0.03125 0.0859375
1 0.77421875 0.73046875 0.021875 0.1
1 0.765625 0.6375 0.028125 0.0890625
1 0.75703125 0.546875 0.0265625 0.0796875
1 0.7515625 0.45234375 0.0265625 0.08125
1 0.74921875 0.35625 0.03125 0.096875
1 0.74296875 0.25078125 0.0359375 0.0859375
1 0.7375 0.1546875 0.0375 0.0921875
1 0.7703125 0.13671875 0.0328125 0.1140625
1 0.771875 0.2421875 0.034375 0.1
1 0.77734375 0.34453125 0.028125 0.0953125
1 0.7859375 0.446875 0.034375 0.0984375
1 0.78984375 0.55 0.03125 0.0796875
1 0.79765625 0.63125 0.0265625 0.0859375
1 0.8046875 0.7328125 0.0265625 0.0984375
1 0.81484375 0.82578125 0.025 0.0859375
1 0.846875 0.83671875 0.028125 0.0921875
1 0.83984375 0.73515625 0.025 0.0875
1 0.8328125 0.6390625 0.0296875 0.0828125
1 0.82421875 0.54453125 0.028125 0.09375
1 0.81875 0.4484375 0.028125 0.0890625
1 0.815625 0.3515625 0.03125 0.0890625
1 0.81171875 0.24453125 0.0296875 0.1
1 0.8046875 0.1453125 0.034375 0.0828125
1 0.84375 0.128125 0.0375 0.10625
1 0.84765625 0.2390625 0.0328125 0.0953125
1 0.8484375 0.3375 0.03125 0.090625
1 0.85859375 0.43984375 0.028125 0.0953125
1 0.86328125 0.54140625 0.028125 0.090625
1 0.86484375 0.6296875 0.028125 0.0828125
1 0.87265625 0.72578125 0.03125 0.1015625
1 0.88046875 0.84296875 0.0265625 0.0875