4 0.80703125 0.83828125 0.0875 0.09375
4 0.809375 0.71953125 0.09375 0.1125
4 0.80390625 0.59453125 0.065625 0.10625
4 0.8046875 0.4734375 0.05625 0.096875
4 0.8265625 0.3640625 0.084375 0.0984375
4 0.840625 0.26015625 0.0828125 0.1015625
3 0.75390625 0.16875 0.04375 0.0796875
3 0.740625 0.2703125 0.04375 0.0875
3 0.73046875 0.3734375 0.05 0.1
3 0.71953125 0.4921875 0.065625 0.1078125
3 0.71953125 0.60390625 0.084375 0.090625
3 0.7125 0.83203125 0.084375 0.090625
0 0.64375 0.865625 0.0484375 0.05
0 0.64453125 0.80078125 0.046875 0.04375
0 0.65 0.74765625 0.0625 0.040625
3 0.7078125 0.7234375 0.059375 0.084375
0 0.64765625 0.67421875 0.059375 0.040625
0 0.653125 0.60234375 0.053125 0.04375
0 0.65 0.54609375 0.0515625 0.05
0 0.65078125 0.47265625 0.0578125 0.05
0 0.659375 0.40078125 0.05 0.05
0 0.66953125 0.3265625 0.053125 0.059375
0 0.6734375 0.246875 0.053125 0.06875
0 0.68203125 0.1765625 0.0640625 0.0484375
5 0.61015625 0.23671875 0.04375 0.071875
5 0.54765625 0.21171875 0.05625 0.0734375
5 0.54609375 0.3078125 0.0625 0.0796875
5 0.60390625 0.3203125 0.040625 0.06875
5 0.59140625 0.4046875 0.04375 0.075
5 0.53046875 0.3921875 0.0578125 0.06875
5 0.58359375 0.48671875 0.0453125 0.065625
5 0.5265625 0.48359375 0.04375 0.071875
5 0.52421875 0.5765625 0.040625 0.0796875
5 0.5796875 0.58359375 0.053125 0.0796875
5 0.57890625 0.671875 0.053125 0.0765625
5 0.5203125 0.665625 0.046875 0.0828125
5 0.52265625 0.7515625 0.059375 0.065625
5 0.58125 0.7671875 0.0484375 0.06875
5 0.58515625 0.85625 0.0625 0.0796875
5 0.52265625 0.84375 0.04375 0.084375
1 0.4640625 0.85234375 0.053125 0.075
1 0.4078125 0.85078125 0.05 0.06875
1 0.39765625 0.76015625 0.0515625 0.0859375
1 0.46484375 0.7609375 0.04375 0.0734375
1 0.4625 0.66171875 0.040625 0.084375
1 0.39296875 0.65625 0.046875 0.0765625
1 0.39375 0.56171875 0.04375 0.078125
1 0.46328125 0.55234375 0.04375 0.075
1 0.4625 0.45546875 0.0453125 0.078125
1 0.38984375 0.47109375 0.040625 0.0703125
1 0.3890625 0.38515625 0.046875 0.071875
1 0.47109375 0.36171875 0.05625 0.078125
1 0.47890625 0.2640625 0.04375 0.05625
1 0.3875 0.29375 0.040625 0.071875
1 0.47890625 0.190625 0.0375 0.0640625
1 0.39140625 0.20390625 0.0546875 0.059375
2 0.33984375 0.86953125 0.059375 0.05625
2 0.33203125 0.81015625 0.0671875 0.0421875
2 0.3296875 0.76796875 0.059375 0.034375
2 0.3296875 0.72578125 0.059375 0.034375
2 0.32734375 0.6890625 0.0578125 0.028125
2 0.3265625 0.659375 0.065625 0.021875
2 0.32890625 0.61796875 0.0640625 0.03125
2 0.3265625 0.58046875 0.053125 0.028125
2 0.32578125 0.53984375 0.065625 0.025
2 0.31953125 0.5015625 0.065625 0.0390625
2 0.31953125 0.46328125 0.071875 0.028125
2 0.31953125 0.43046875 0.0671875 0.025
2 0.32109375 0.396875 0.0703125 0.034375
2 0.3125 0.36015625 0.071875 0.0265625
2 0.3125 0.32109375 0.0703125 0.0296875
2 0.3125 0.28359375 0.0640625 0.03125
2 0.31796875 0.24375 0.0625 0.03125
2 0.31796875 0.19609375 0.078125 0.040625
2 0.31953125 0.1640625 0.059375 0.03125
2 0.315625 0.1265625 0.0703125 0.034375
5 0.2484375 0.14765625 0.040625 0.046875
5 0.17890625 0.1484375 0.05625 0.04375
3 0.17890625 0.2171875 0.0359375 0.06875
3 0.18359375 0.290625 0.0359375 0.05
4 0.2484375 0.225 0.0625 0.071875
4 0.2484375 0.32109375 0.053125 0.0984375
4 0.2484375 0.41875 0.053125 0.075
3 0.1859375 0.38125 0.0578125 0.075
3 0.18515625 0.4546875 0.0359375 0.059375
4 0.25625 0.521875 0.059375 0.0765625
3 0.1890625 0.5375 0.0484375 0.08125
3 0.1984375 0.625 0.0484375 0.0640625
4 0.259375 0.61953125 0.0640625 0.084375
4 0.2640625 0.734375 0.05625 0.090625
3 0.19453125 0.7734375 0.053125 0.0640625
3 0.196875 0.6984375 0.0515625 0.0609375
3 0.20078125 0.85390625 0.05 0.071875
4 0.26796875 0.840625 0.06875 0.1
0 0.1453125 0.87578125 0.040625 0.046875
0 0.14375 0.83828125 0.04375 0.034375
0 0.140625 0.79765625 0.04375 0.0328125
0 0.1421875 0.753125 0.0390625 0.0390625
0 0.13984375 0.71328125 0.0359375 0.021875
0 0.13828125 0.6796875 0.040625 0.0359375
0 0.134375 0.60859375 0.040625 0.0375
0 0.13203125 0.57578125 0.028125 0.034375
0 0.13125 0.5265625 0.04375 0.0359375
0 0.12734375 0.478125 0.0375 0.040625
0 0.12578125 0.4359375 0.04375 0.0359375
0 0.13125 0.39765625 0.0359375 0.0296875
0 0.1296875 0.35234375 0.0375 0.0375
0 0.128125 0.3015625 0.05 0.0421875
0 0.1328125 0.25234375 0.034375 0.0390625
0 0.12734375 0.2109375 0.040625 0.03125
0 0.12578125 0.16953125 0.040625 0.0359375
0 0.12109375 0.125 0.04375 0.0359375