5 0.13359375 0.1203125 0.0359375 0.04296875
5 0.1796875 0.11875 0.03125 0.04140625
5 0.21328125 0.115625 0.02421875 0.04140625
5 0.2484375 0.12421875 0.03515625 0.0390625
5 0.28828125 0.1234375 0.03125 0.05390625
5 0.28828125 0.17265625 0.03984375 0.0359375
5 0.2484375 0.16640625 0.040625 0.034375
5 0.21484375 0.1609375 0.021875 0.03828125
5 0.17578125 0.16328125 0.03515625 0.0296875
5 0.1328125 0.16171875 0.034375 0.03984375
5 0.1296875 0.2046875 0.03359375 0.034375
5 0.17734375 0.20390625 0.028125 0.03671875
5 0.21015625 0.2 0.025 0.03515625
5 0.24375 0.203125 0.03125 0.03203125
5 0.28203125 0.2140625 0.03125 0.0296875
5 0.278125 0.253125 0.0296875 0.028125
5 0.24140625 0.24609375 0.03671875 0.0390625
5 0.2109375 0.23984375 0.02421875 0.03046875
5 0.17265625 0.240625 0.03515625 0.0328125
5 0.13203125 0.24140625 0.03359375 0.03515625
5 0.12890625 0.27578125 0.03515625 0.0375
5 0.17265625 0.27890625 0.03125 0.03125
5 0.2078125 0.27578125 0.02578125 0.040625
5 0.23984375 0.28515625 0.03203125 0.0265625
5 0.27578125 0.290625 0.0359375 0.03046875
5 0.28203125 0.33359375 0.03515625 0.03046875
5 0.24140625 0.32890625 0.034375 0.03515625
5 0.2046875 0.325 0.0296875 0.0390625
5 0.16875 0.3203125 0.03203125 0.04375
5 0.128125 0.32109375 0.0359375 0.03515625
5 0.125 0.3703125 0.0328125 0.0390625
5 0.17109375 0.3671875 0.0234375 0.0328125
5 0.2046875 0.3703125 0.0234375 0.0359375
5 0.2375 0.3734375 0.0328125 0.03515625
5 0.2734375 0.3796875 0.03046875 0.034375
5 0.271875 0.42578125 0.03125 0.03125
5 0.23203125 0.41953125 0.040625 0.03125
5 0.203125 0.41484375 0.0296875 0.03203125
5 0.1671875 0.41328125 0.02578125 0.03203125
5 0.12421875 0.41171875 0.02734375 0.04296875
5 0.12421875 0.459375 0.03203125 0.0328125
5 0.16328125 0.4625 0.025 0.02890625
5 0.2 0.4578125 0.034375 0.04375
5 0.23203125 0.4671875 0.0296875 0.028125
5 0.26875 0.46796875 0.03046875 0.0234375
5 0.11953125 0.5 0.03046875 0.03984375
5 0.16015625 0.5046875 0.03203125 0.04375
5 0.20078125 0.50234375 0.02265625 0.0296875
5 0.23125 0.5078125 0.02734375 0.0359375
5 0.2671875 0.51484375 0.03125 0.02734375
5 0.26328125 0.5546875 0.0390625 0.02578125
5 0.22578125 0.55234375 0.03515625 0.0328125
5 0.19609375 0.5484375 0.02265625 0.03125
5 0.1578125 0.546875 0.03359375 0.0328125
5 0.11953125 0.54609375 0.028125 0.03515625
5 0.11796875 0.58828125 0.0265625 0.0375
5 0.15546875 0.590625 0.03359375 0.0375
5 0.190625 0.590625 0.028125 0.0359375
5 0.2234375 0.5953125 0.02890625 0.03359375
5 0.2640625 0.6 0.03671875 0.025
5 0.225 0.64609375 0.034375 0.03203125
5 0.26640625 0.65234375 0.0421875 0.02578125
5 0.1890625 0.64140625 0.0265625 0.0359375
5 0.15625 0.6359375 0.025 0.03671875
5 0.11796875 0.6421875 0.03671875 0.03359375
5 0.11484375 0.69296875 0.0234375 0.03671875
5 0.15390625 0.69296875 0.03125 0.040625
5 0.18671875 0.69375 0.028125 0.04140625
5 0.221875 0.69609375 0.03671875 0.0390625
5 0.2578125 0.7 0.03125 0.028125
5 0.25859375 0.753125 0.03515625 0.02890625
5 0.21484375 0.74921875 0.034375 0.03046875
5 0.178125 0.74375 0.02421875 0.0375
5 0.14765625 0.74140625 0.0296875 0.0328125
5 0.11015625 0.740625 0.02890625 0.034375
5 0.10546875 0.78984375 0.03125 0.0359375
5 0.13984375 0.79453125 0.02734375 0.03828125
5 0.1765625 0.79609375 0.028125 0.0390625
5 0.21484375 0.79921875 0.040625 0.03125
5 0.25703125 0.8015625 0.0375 0.0234375
5 0.259375 0.84453125 0.04140625 0.02890625
5 0.21328125 0.84765625 0.0375 0.03046875
5 0.17109375 0.8484375 0.02734375 0.03203125
5 0.13125 0.846875 0.025 0.0328125
5 0.103125 0.84609375 0.02578125 0.03828125
2 0.34140625 0.13203125 0.053125 0.03203125
2 0.3375 0.175 0.0515625 0.02890625
2 0.33203125 0.21171875 0.05703125 0.0265625
2 0.3328125 0.25234375 0.0515625 0.02734375
2 0.328125 0.2921875 0.0546875 0.0296875
2 0.3296875 0.33984375 0.0546875 0.02734375
2 0.33046875 0.38359375 0.05 0.03203125
2 0.33125 0.42734375 0.05390625 0.03828125
2 0.3265625 0.47421875 0.0671875 0.0359375
2 0.325 0.51171875 0.053125 0.02890625
2 0.321875 0.5546875 0.05625 0.0359375
2 0.32734375 0.60546875 0.06875 0.028125
2 0.328125 0.65703125 0.05859375 0.03515625
2 0.33046875 0.70390625 0.06328125 0.0359375
2 0.3296875 0.75390625 0.05859375 0.0234375
2 0.3296875 0.803125 0.059375 0.0265625
2 0.33203125 0.84765625 0.05703125 0.021875
2 0.5328125 0.14453125 0.03359375 0.046875
2 0.5359375 0.1921875 0.03515625 0.04140625
2 0.5328125 0.2421875 0.03359375 0.04140625
2 0.534375 0.290625 0.0359375 0.04296875
2 0.53515625 0.33828125 0.03671875 0.04375
2 0.534375 0.3859375 0.03125 0.04609375
2 0.53515625 0.4328125 0.03359375 0.03828125
2 0.5390625 0.4828125 0.03359375 0.0421875
2 0.54296875 0.53203125 0.034375 0.0390625
2 0.55078125 0.5859375 0.03046875 0.04140625
2 0.553125 0.6453125 0.0296875 0.04921875
2 0.553125 0.71328125 0.03125 0.04296875
2 0.55859375 0.7875 0.028125 0.04140625
2 0.55859375 0.85390625 0.025 0.03984375
3 0.39375 0.13359375 0.046875 0.04140625
3 0.396875 0.17421875 0.05 0.04296875
3 0.39921875 0.2140625 0.05078125 0.04140625
3 0.39765625 0.2484375 0.0578125 0.0390625
3 0.403125 0.29609375 0.06953125 0.0484375
3 0.40390625 0.34296875 0.0640625 0.0359375
3 0.4078125 0.3859375 0.07265625 0.04453125
3 0.40234375 0.428125 0.06484375 0.03203125
3 0.40390625 0.471875 0.06953125 0.0375
3 0.4015625 0.5140625 0.0640625 0.03671875
3 0.40390625 0.5578125 0.0625 0.03984375
3 0.4046875 0.6046875 0.065625 0.0390625
3 0.40546875 0.6578125 0.06328125 0.03984375
3 0.4046875 0.70625 0.071875 0.02890625
3 0.40625 0.75546875 0.05703125 0.03828125
3 0.40546875 0.8046875 0.06875 0.0421875
3 0.409375 0.85 0.08046875 0.0390625
4 0.45546875 0.17578125 0.02890625 0.1265625
4 0.4609375 0.28125 0.03046875 0.0734375
4 0.4609375 0.36171875 0.03359375 0.0734375
4 0.4609375 0.45625 0.0296875 0.07109375
4 0.46015625 0.53671875 0.03046875 0.08046875
4 0.4671875 0.63515625 0.034375 0.08046875
4 0.4703125 0.73046875 0.040625 0.08828125
4 0.47890625 0.82734375 0.03984375 0.0890625
0 0.5265625 0.8625 0.02578125 0.0203125
0 0.528125 0.8296875 0.02578125 0.02578125
0 0.525 0.79453125 0.028125 0.0328125
0 0.52421875 0.75703125 0.0265625 0.03203125
0 0.52265625 0.71796875 0.02734375 0.03515625
0 0.52421875 0.68046875 0.02109375 0.02421875
0 0.51875 0.65 0.021875 0.021875
0 0.51640625 0.6125 0.03125 0.03046875
0 0.51796875 0.5828125 0.02109375 0.01484375
0 0.51484375 0.55625 0.02265625 0.0203125
0 0.5109375 0.53203125 0.02578125 0.01796875
0 0.51015625 0.50546875 0.02578125 0.02734375
0 0.50625 0.47109375 0.0265625 0.02890625
0 0.50390625 0.43515625 0.02890625 0.02421875
0 0.50546875 0.40625 0.02421875 0.0234375
0 0.5015625 0.36953125 0.0296875 0.03125
0 0.50234375 0.3359375 0.028125 0.028125
0 0.49921875 0.2984375 0.02890625 0.0265625
0 0.5 0.26171875 0.03125 0.0296875
0 0.5 0.23203125 0.028125 0.03046875
0 0.5 0.1984375 0.02890625 0.0296875
0 0.50234375 0.1671875 0.02578125 0.03203125
0 0.49921875 0.13046875 0.0296875 0.03125
3 0.5703125 0.12421875 0.04375 0.059375
3 0.57421875 0.18984375 0.0390625 0.0484375
3 0.57265625 0.2578125 0.0453125 0.06015625
3 0.57734375 0.3328125 0.03984375 0.059375
3 0.575 0.40859375 0.04453125 0.0578125
3 0.58046875 0.47265625 0.04296875 0.05
3 0.58515625 0.52734375 0.046875 0.0453125
3 0.59296875 0.58046875 0.0359375 0.05
3 0.5953125 0.6421875 0.03984375 0.0484375
3 0.59765625 0.7125 0.0453125 0.05390625
3 0.60234375 0.7890625 0.04453125 0.04375
3 0.6 0.85390625 0.040625 0.046875
4 0.625 0.175 0.05078125 0.0859375
4 0.6296875 0.26875 0.0546875 0.0828125
4 0.634375 0.353125 0.05546875 0.0734375
4 0.64375 0.4515625 0.0515625 0.1
4 0.646875 0.5515625 0.0484375 0.08125
4 0.65234375 0.6484375 0.05390625 0.08515625
4 0.66171875 0.746875 0.0578125 0.08515625
4 0.66640625 0.84453125 0.05234375 0.0890625
0 0.67734375 0.1140625 0.04609375 0.03359375
0 0.68046875 0.14609375 0.03828125 0.02890625
0 0.6828125 0.178125 0.03515625 0.0265625
0 0.6828125 0.21015625 0.040625 0.03125
0 0.6875 0.2421875 0.02890625 0.02890625
0 0.6953125 0.28359375 0.03125 0.0328125
0 0.69296875 0.321875 0.03515625 0.028125
0 0.7015625 0.3625 0.0390625 0.0296875
0 0.70546875 0.3953125 0.03515625 0.03046875
0 0.70078125 0.43984375 0.03359375 0.0328125
0 0.70390625 0.47890625 0.03828125 0.02265625
0 0.7 0.51484375 0.03203125 0.02421875
0 0.70234375 0.5484375 0.0421875 0.025
0 0.70625 0.57734375 0.03671875 0.0296875
0 0.703125 0.615625 0.040625 0.03203125
0 0.70859375 0.6578125 0.0375 0.0375
0 0.71015625 0.69453125 0.03671875 0.02890625
0 0.7140625 0.73359375 0.0390625 0.02578125
0 0.71171875 0.7640625 0.03515625 0.0171875
0 0.7171875 0.79765625 0.0421875 0.02890625
0 0.72109375 0.83671875 0.03046875 0.0328125
0 0.72109375 0.87578125 0.03671875 0.02890625
1 0.7140625 0.14453125 0.02890625 0.0625
1 0.75546875 0.14765625 0.03515625 0.06796875
1 0.76484375 0.22421875 0.0296875 0.05390625
1 0.721875 0.21953125 0.03125 0.0640625
1 0.73203125 0.29296875 0.03515625 0.0734375
1 0.771875 0.29140625 0.028125 0.0734375
1 0.778125 0.36640625 0.03046875 0.06484375
1 0.7375 0.36796875 0.02578125 0.05859375
1 0.740625 0.4375 0.0296875 0.04921875
1 0.78125 0.43515625 0.034375 0.05625
1 0.73828125 0.50546875 0.0296875 0.06953125
1 0.7828125 0.509375 0.03515625 0.0640625
1 0.79296875 0.58828125 0.03046875 0.0734375
1 0.74609375 0.58515625 0.02578125 0.0703125
1 0.7546875 0.66484375 0.02578125 0.06796875
1 0.7953125 0.66640625 0.0375 0.0671875
1 0.75859375 0.7484375 0.040625 0.05703125
1 0.80546875 0.7546875 0.03125 0.0578125
1 0.76953125 0.8453125 0.0390625 0.0890625
1 0.8140625 0.846875 0.03828125 0.090625
5 0.82265625 0.11953125 0.06328125 0.02734375
5 0.890625 0.121875 0.0609375 0.03125
5 0.8265625 0.16171875 0.0609375 0.02734375
5 0.89140625 0.2046875 0.0515625 0.028125
5 0.89140625 0.159375 0.05390625 0.0328125
5 0.828125 0.20859375 0.04921875 0.021875
5 0.821875 0.2546875 0.05 0.0296875
5 0.88828125 0.25234375 0.05546875 0.03359375
5 0.903125 0.30078125 0.0515625 0.028125
5 0.8265625 0.303125 0.06640625 0.03125
5 0.8328125 0.3484375 0.05625 0.02890625
5 0.9015625 0.34296875 0.06171875 0.03984375
5 0.8390625 0.39453125 0.059375 0.02578125
5 0.909375 0.3875 0.065625 0.02734375
5 0.91484375 0.43125 0.05859375 0.0359375
5 0.84765625 0.43359375 0.06171875 0.03203125
5 0.86015625 0.47734375 0.0734375 0.02890625
5 0.92109375 0.478125 0.03828125 0.03046875
5 0.9109375 0.53046875 0.0484375 0.02578125
5 0.85390625 0.53515625 0.04375 0.02890625
5 0.85390625 0.5703125 0.0453125 0.02265625
5 0.90703125 0.56875 0.04765625 0.0265625
5 0.8625 0.6140625 0.06015625 0.025
5 0.91796875 0.63671875 0.040625 0.0640625
5 0.86171875 0.65625 0.0578125 0.025
5 0.8609375 0.6921875 0.06875 0.0265625
5 0.9140625 0.72265625 0.04453125 0.06796875
5 0.86484375 0.7359375 0.0515625 0.02734375
5 0.86875 0.7828125 0.05546875 0.02890625
5 0.9203125 0.80703125 0.03671875 0.04296875
5 0.86953125 0.828125 0.04609375 0.02578125
5 0.91640625 0.871875 0.03984375 0.05
5 0.865625 0.875 0.0515625 0.02890625