5 0.13984375 0.8859375 0.0453125 0.0375
5 0.1359375 0.83984375 0.0421875 0.0328125
5 0.13125 0.80625 0.0421875 0.0265625
5 0.13828125 0.77109375 0.040625 0.0375
5 0.13515625 0.73125 0.0546875 0.034375
5 0.184375 0.72890625 0.0375 0.0421875
5 0.1796875 0.76875 0.0359375 0.0421875
5 0.1765625 0.80234375 0.0390625 0.0234375
5 0.18046875 0.84140625 0.03125 0.0359375
5 0.18125 0.884375 0.0421875 0.0359375
5 0.22421875 0.88515625 0.0359375 0.0359375
5 0.22109375 0.8375 0.0390625 0.0296875
5 0.215625 0.80546875 0.0359375 0.0265625
5 0.2171875 0.77109375 0.0328125 0.0328125
5 0.22578125 0.7328125 0.03125 0.0328125
5 0.26484375 0.734375 0.0296875 0.03125
5 0.26015625 0.771875 0.040625 0.0390625
5 0.25546875 0.80234375 0.0328125 0.0265625
5 0.2578125 0.840625 0.034375 0.0359375
5 0.2609375 0.88125 0.0359375 0.0359375
5 0.2953125 0.88203125 0.0390625 0.0359375
5 0.29609375 0.83828125 0.0328125 0.0328125
5 0.29140625 0.80390625 0.0421875 0.028125
5 0.29921875 0.77109375 0.028125 0.0328125
5 0.30234375 0.73515625 0.0328125 0.0375
5 0.3453125 0.7265625 0.0328125 0.0359375
5 0.34296875 0.7671875 0.0359375 0.0359375
5 0.340625 0.80390625 0.040625 0.03125
5 0.33828125 0.83984375 0.0453125 0.034375
5 0.340625 0.88046875 0.0359375 0.0375
5 0.38984375 0.88125 0.040625 0.034375
5 0.384375 0.83515625 0.034375 0.025
5 0.3859375 0.8015625 0.0375 0.025
5 0.3875 0.76875 0.0359375 0.034375
5 0.39140625 0.7328125 0.0359375 0.0328125
5 0.4375 0.73203125 0.0328125 0.0328125
5 0.43359375 0.771875 0.0328125 0.0421875
5 0.43046875 0.80078125 0.0328125 0.03125
5 0.43046875 0.83671875 0.0328125 0.0265625
5 0.43125 0.8796875 0.0453125 0.0296875
5 0.47890625 0.87734375 0.034375 0.0328125
5 0.48046875 0.83828125 0.0296875 0.0265625
5 0.4734375 0.8015625 0.0453125 0.0359375
5 0.48125 0.76953125 0.0296875 0.03125
5 0.48046875 0.7328125 0.025 0.0328125
5 0.51953125 0.8796875 0.0421875 0.0328125
5 0.52265625 0.8390625 0.0453125 0.0328125
5 0.51796875 0.7984375 0.03125 0.0234375
5 0.521875 0.76796875 0.0375 0.0296875
5 0.52734375 0.73203125 0.0296875 0.0328125
5 0.5671875 0.73359375 0.0265625 0.040625
5 0.56640625 0.77109375 0.034375 0.0359375
5 0.5640625 0.80078125 0.0328125 0.0234375
5 0.56484375 0.8390625 0.034375 0.0359375
5 0.565625 0.87734375 0.0359375 0.0296875
5 0.6078125 0.8765625 0.0390625 0.028125
5 0.60859375 0.8390625 0.0390625 0.0359375
5 0.60703125 0.80390625 0.0375 0.0296875
5 0.609375 0.77109375 0.0359375 0.0296875
5 0.6125 0.73046875 0.0265625 0.0390625
5 0.66015625 0.7671875 0.0328125 0.0359375
5 0.6640625 0.725 0.0265625 0.04375
5 0.6578125 0.803125 0.0375 0.028125
5 0.65390625 0.8359375 0.0390625 0.0265625
5 0.66171875 0.87421875 0.0359375 0.0375
5 0.7125 0.87421875 0.0390625 0.025
5 0.7109375 0.83515625 0.0421875 0.0328125
5 0.71015625 0.80234375 0.0421875 0.0296875
5 0.71015625 0.7671875 0.040625 0.0390625
5 0.7125 0.73125 0.0296875 0.0328125
5 0.765625 0.728125 0.0296875 0.0359375
5 0.7640625 0.771875 0.0328125 0.0359375
5 0.76015625 0.80859375 0.0390625 0.0265625
5 0.759375 0.8390625 0.034375 0.03125
5 0.7609375 0.8765625 0.0359375 0.03125
5 0.81015625 0.87890625 0.0375 0.0328125
5 0.81328125 0.84453125 0.0390625 0.0296875
5 0.8125 0.8078125 0.040625 0.0296875
5 0.8140625 0.76875 0.0328125 0.0421875
5 0.8140625 0.7265625 0.025 0.0390625
5 0.85703125 0.721875 0.0296875 0.0421875
5 0.8625 0.76796875 0.0328125 0.0390625
5 0.86484375 0.81015625 0.0328125 0.0296875
5 0.865625 0.85 0.034375 0.0265625
5 0.86640625 0.878125 0.0390625 0.0265625
2 0.140625 0.67734375 0.034375 0.0546875
2 0.18359375 0.67890625 0.03125 0.053125
2 0.22109375 0.6828125 0.0296875 0.0578125
2 0.26171875 0.6796875 0.03125 0.053125
2 0.3015625 0.6828125 0.0328125 0.05625
2 0.34921875 0.678125 0.03125 0.05625
2 0.39296875 0.67578125 0.034375 0.0515625
2 0.4359375 0.67265625 0.040625 0.0546875
2 0.48359375 0.67421875 0.0390625 0.06875
2 0.52109375 0.67421875 0.03125 0.0546875
2 0.5640625 0.675 0.0390625 0.0578125
2 0.6140625 0.6671875 0.03125 0.0703125
2 0.665625 0.66328125 0.0375 0.0609375
2 0.7125 0.65859375 0.0390625 0.0640625
2 0.7625 0.65703125 0.0265625 0.0609375
2 0.81171875 0.65390625 0.0296875 0.0609375
2 0.85625 0.64921875 0.025 0.0578125
2 0.14296875 0.4859375 0.0484375 0.0375
2 0.190625 0.48046875 0.0421875 0.0359375
2 0.240625 0.48046875 0.0421875 0.0359375
2 0.2890625 0.4765625 0.0453125 0.0375
2 0.33671875 0.4734375 0.0453125 0.0390625
2 0.384375 0.471875 0.0484375 0.034375
2 0.43125 0.46875 0.0390625 0.0359375
2 0.48046875 0.46171875 0.04375 0.0359375
2 0.5296875 0.45546875 0.040625 0.0359375
2 0.5828125 0.44453125 0.0421875 0.0328125
2 0.6421875 0.4390625 0.0515625 0.0328125
2 0.71015625 0.4359375 0.0453125 0.0328125
2 0.784375 0.4265625 0.0421875 0.0296875
2 0.85 0.42265625 0.0421875 0.0265625
3 0.13984375 0.625 0.04375 0.0484375
3 0.1796875 0.6203125 0.046875 0.0515625
3 0.21953125 0.615625 0.04375 0.0515625
3 0.25390625 0.615625 0.0421875 0.059375
3 0.3015625 0.60703125 0.0515625 0.071875
3 0.3484375 0.60390625 0.0390625 0.065625
3 0.390625 0.59765625 0.046875 0.0734375
3 0.43359375 0.6015625 0.034375 0.0671875
3 0.4765625 0.59765625 0.040625 0.0703125
3 0.51953125 0.59765625 0.040625 0.065625
3 0.5625 0.59296875 0.04375 0.0640625
3 0.609375 0.58984375 0.0421875 0.0671875
3 0.6625 0.5859375 0.04375 0.0640625
3 0.7109375 0.584375 0.03125 0.0734375
3 0.76015625 0.58046875 0.040625 0.0578125
3 0.809375 0.578125 0.0453125 0.0703125
3 0.85390625 0.571875 0.04375 0.0828125
4 0.17890625 0.56171875 0.128125 0.034375
4 0.28359375 0.55078125 0.075 0.034375
4 0.3640625 0.54609375 0.075 0.0375
4 0.45859375 0.54140625 0.0734375 0.0328125
4 0.5390625 0.5375 0.0828125 0.0359375
4 0.63671875 0.52578125 0.0828125 0.0390625
4 0.73203125 0.51796875 0.0890625 0.0453125
4 0.828125 0.50390625 0.090625 0.0453125
0 0.8609375 0.4546875 0.021875 0.0265625
0 0.828125 0.4546875 0.0265625 0.0265625
0 0.79296875 0.459375 0.034375 0.0296875
0 0.75546875 0.4625 0.0328125 0.028125
0 0.71640625 0.465625 0.0359375 0.0296875
0 0.67890625 0.46640625 0.0265625 0.0234375
0 0.6484375 0.4734375 0.0234375 0.0234375
0 0.61171875 0.47734375 0.0328125 0.0328125
0 0.58203125 0.47734375 0.0171875 0.0234375
0 0.55546875 0.48203125 0.021875 0.0234375
0 0.53125 0.4875 0.0203125 0.0265625
0 0.5046875 0.48984375 0.0296875 0.0265625
0 0.47109375 0.4953125 0.0296875 0.028125
0 0.43515625 0.49921875 0.0265625 0.0296875
0 0.40625 0.49921875 0.025 0.0265625
0 0.36953125 0.50546875 0.0328125 0.03125
0 0.3359375 0.50625 0.0296875 0.0296875
0 0.2984375 0.51171875 0.028125 0.0296875
0 0.26171875 0.5125 0.03125 0.0328125
0 0.23203125 0.5140625 0.0328125 0.0296875
0 0.19921875 0.515625 0.03125 0.0296875
0 0.1671875 0.51484375 0.0328125 0.0265625
0 0.13125 0.5203125 0.0328125 0.03125
3 0.12109375 0.44921875 0.0609375 0.046875
3 0.18671875 0.4421875 0.05 0.0421875
3 0.2546875 0.43984375 0.0609375 0.0484375
3 0.32890625 0.43125 0.0609375 0.04375
3 0.4046875 0.4296875 0.059375 0.046875
3 0.46875 0.42109375 0.0515625 0.046875
3 0.52265625 0.41328125 0.0484375 0.0484375
3 0.57578125 0.403125 0.0515625 0.0390625
3 0.63671875 0.39765625 0.05 0.04375
3 0.70703125 0.39140625 0.0546875 0.0484375
3 0.78359375 0.3828125 0.0453125 0.0453125
3 0.8484375 0.38125 0.0484375 0.04375
4 0.16875 0.3921875 0.0890625 0.0546875
4 0.2625 0.3828125 0.0859375 0.059375
4 0.34609375 0.3734375 0.0765625 0.059375
4 0.44375 0.35859375 0.103125 0.05625
4 0.54375 0.35078125 0.084375 0.053125
4 0.640625 0.33984375 0.0875 0.0578125
4 0.73828125 0.32578125 0.0875 0.0625
4 0.83515625 0.315625 0.0921875 0.0578125
0 0.10546875 0.34296875 0.0375 0.0484375
0 0.1375 0.33828125 0.0296875 0.0390625
0 0.16875 0.334375 0.028125 0.0359375
0 0.20078125 0.3328125 0.0328125 0.0421875
0 0.2328125 0.3265625 0.0296875 0.0296875
0 0.2734375 0.31640625 0.034375 0.0328125
0 0.31171875 0.31640625 0.0296875 0.0359375
0 0.35234375 0.30625 0.03125 0.040625
0 0.384375 0.3 0.0328125 0.0359375
0 0.4296875 0.30234375 0.034375 0.0359375
0 0.46796875 0.29765625 0.0234375 0.0390625
0 0.5046875 0.29921875 0.0265625 0.0328125
0 0.5375 0.2953125 0.0265625 0.04375
0 0.56640625 0.28984375 0.03125 0.0390625
0 0.6046875 0.29140625 0.0328125 0.0421875
0 0.646875 0.28359375 0.0390625 0.0390625
0 0.68359375 0.2796875 0.0296875 0.0390625
0 0.721875 0.27421875 0.0265625 0.040625
0 0.75234375 0.275 0.01875 0.0359375
0 0.7859375 0.2671875 0.0296875 0.04375
0 0.825 0.26171875 0.034375 0.0328125
0 0.8640625 0.259375 0.0296875 0.0390625
1 0.13359375 0.3046875 0.0640625 0.03125
1 0.13515625 0.26328125 0.0703125 0.0375
1 0.2109375 0.25 0.0546875 0.0328125
1 0.20859375 0.29296875 0.065625 0.034375
1 0.28125 0.27890625 0.075 0.0375
1 0.27734375 0.2390625 0.075 0.03125
1 0.35234375 0.22890625 0.0671875 0.034375
1 0.35546875 0.26953125 0.0609375 0.028125
1 0.425 0.26328125 0.0515625 0.0328125
1 0.4203125 0.22265625 0.0578125 0.0375
1 0.49296875 0.26171875 0.0703125 0.0328125
1 0.49453125 0.2171875 0.065625 0.0375
1 0.57265625 0.203125 0.075 0.034375
1 0.571875 0.25 0.071875 0.028125
1 0.6515625 0.23671875 0.0703125 0.028125
1 0.65078125 0.19609375 0.06875 0.040625
1 0.734375 0.22890625 0.0578125 0.04375
1 0.73828125 0.18125 0.059375 0.034375
1 0.83046875 0.2125 0.090625 0.04375
1 0.8296875 0.16796875 0.0921875 0.0421875
5 0.103125 0.19765625 0.03125 0.0640625
5 0.1015625 0.1296875 0.034375 0.0625
5 0.1453125 0.19140625 0.03125 0.0625
5 0.184375 0.12421875 0.03125 0.053125
5 0.1390625 0.12734375 0.0359375 0.0546875
5 0.1921875 0.1875 0.025 0.0515625
5 0.23828125 0.19140625 0.0328125 0.0515625
5 0.23203125 0.125 0.0375 0.0578125
5 0.2796875 0.1078125 0.03125 0.053125
5 0.2859375 0.184375 0.034375 0.0671875
5 0.33125 0.17578125 0.03125 0.0578125
5 0.321875 0.10703125 0.04375 0.0640625
5 0.3765625 0.1671875 0.028125 0.0609375
5 0.36640625 0.096875 0.03125 0.0671875
5 0.409375 0.0890625 0.0390625 0.0609375
5 0.415625 0.15625 0.034375 0.0640625
5 0.45859375 0.14140625 0.03125 0.075
5 0.45625 0.08046875 0.0328125 0.0390625
5 0.50859375 0.08828125 0.028125 0.05
5 0.51640625 0.14453125 0.0296875 0.0453125
5 0.5515625 0.14296875 0.0234375 0.046875
5 0.54765625 0.08984375 0.0296875 0.0484375
5 0.5953125 0.13203125 0.028125 0.0609375
5 0.61484375 0.07578125 0.065625 0.04375
5 0.63671875 0.13046875 0.028125 0.059375
5 0.67265625 0.1296875 0.0296875 0.0703125
5 0.70078125 0.075 0.0703125 0.046875
5 0.71640625 0.1234375 0.03125 0.053125
5 0.76328125 0.1171875 0.03125 0.0578125
5 0.784375 0.0640625 0.0453125 0.0390625
5 0.80859375 0.1140625 0.028125 0.0484375
5 0.84921875 0.06484375 0.0515625 0.04375
5 0.85546875 0.115625 0.03125 0.053125