4 0.196875 0.109375 0.1125 0.0296875
4 0.3328125 0.10625 0.103125 0.0265625
4 0.4484375 0.0953125 0.1 0.0265625
4 0.5828125 0.0921875 0.128125 0.0296875
4 0.70234375 0.08828125 0.0890625 0.0328125
4 0.83359375 0.0890625 0.10625 0.03125
4 0.83125 0.12421875 0.1125 0.0296875
4 0.82734375 0.15078125 0.103125 0.021875
4 0.696875 0.12109375 0.096875 0.0296875
4 0.57265625 0.12421875 0.1 0.025
4 0.4546875 0.12890625 0.1078125 0.0296875
4 0.33203125 0.13359375 0.10625 0.0359375
4 0.2015625 0.13828125 0.115625 0.0234375
4 0.2015625 0.16328125 0.10625 0.0203125
4 0.33125 0.1609375 0.109375 0.021875
4 0.45703125 0.1578125 0.1125 0.0265625
4 0.58671875 0.1515625 0.1140625 0.0265625
4 0.69921875 0.15078125 0.0984375 0.0234375
4 0.83359375 0.17578125 0.103125 0.028125
4 0.70546875 0.178125 0.09375 0.0265625
4 0.59296875 0.1796875 0.103125 0.025
4 0.4609375 0.1828125 0.109375 0.0234375
4 0.33671875 0.1859375 0.096875 0.021875
4 0.20703125 0.1921875 0.125 0.025
4 0.20703125 0.22265625 0.1234375 0.028125
4 0.334375 0.215625 0.1 0.0234375
4 0.4703125 0.209375 0.121875 0.0234375
4 0.58515625 0.20859375 0.096875 0.0234375
4 0.69921875 0.20859375 0.0953125 0.0234375
4 0.82578125 0.20859375 0.1 0.0265625
4 0.83359375 0.2375 0.115625 0.0265625
4 0.70703125 0.23359375 0.103125 0.0265625
4 0.5859375 0.23671875 0.1 0.0203125
4 0.46953125 0.240625 0.115625 0.021875
4 0.33515625 0.246875 0.109375 0.0140625
4 0.20625 0.25234375 0.11875 0.0203125
4 0.18515625 0.2765625 0.1734375 0.021875
4 0.34296875 0.26875 0.13125 0.0203125
4 0.47890625 0.26328125 0.13125 0.0203125
4 0.61015625 0.26171875 0.11875 0.0234375
4 0.71875 0.2578125 0.084375 0.0234375
4 0.8296875 0.259375 0.1078125 0.0296875
4 0.83671875 0.28984375 0.125 0.0234375
4 0.709375 0.290625 0.0984375 0.028125
4 0.5921875 0.29453125 0.115625 0.0265625
4 0.4578125 0.29453125 0.1125 0.0328125
4 0.33125 0.3 0.1203125 0.0328125
4 0.1953125 0.303125 0.121875 0.0265625
4 0.2015625 0.33515625 0.121875 0.0296875
4 0.33984375 0.334375 0.103125 0.034375
4 0.4578125 0.33125 0.10625 0.0296875
4 0.59296875 0.33203125 0.11875 0.0328125
4 0.72421875 0.3265625 0.1078125 0.0296875
4 0.84375 0.325 0.1140625 0.0390625
4 0.84375 0.35859375 0.1125 0.0296875
4 0.71875 0.36015625 0.103125 0.0328125
4 0.59609375 0.3625 0.1125 0.0265625
4 0.45390625 0.3625 0.096875 0.028125
4 0.33828125 0.36640625 0.1 0.0265625
4 0.1875 0.36640625 0.1109375 0.0296875
4 0.1875 0.40390625 0.13125 0.025
4 0.17421875 0.440625 0.1375 0.0296875
4 0.33359375 0.4375 0.1265625 0.03125
4 0.46015625 0.4328125 0.10625 0.0296875
4 0.58828125 0.43125 0.1171875 0.03125
4 0.72265625 0.43203125 0.1046875 0.03125
4 0.84375 0.4328125 0.125 0.0296875
4 0.84375 0.39921875 0.1171875 0.03125
4 0.7125 0.39609375 0.109375 0.03125
4 0.5890625 0.40078125 0.115625 0.0265625
4 0.45859375 0.4 0.1203125 0.0203125
4 0.33359375 0.40234375 0.11875 0.0203125
0 0.15625 0.48046875 0.0265625 0.021875
0 0.2015625 0.4765625 0.0328125 0.021875
0 0.24609375 0.4765625 0.0296875 0.021875
0 0.28828125 0.47265625 0.028125 0.021875
0 0.340625 0.47109375 0.040625 0.021875
0 0.3921875 0.46640625 0.034375 0.01875
0 0.43359375 0.4703125 0.0234375 0.01875
0 0.4734375 0.4703125 0.0234375 0.0203125
0 0.50546875 0.46796875 0.0296875 0.021875
0 0.5484375 0.4640625 0.0328125 0.028125
0 0.5875 0.46953125 0.028125 0.01875
0 0.628125 0.465625 0.034375 0.0203125
0 0.66875 0.4640625 0.028125 0.021875
0 0.703125 0.4640625 0.025 0.01875
0 0.74609375 0.46171875 0.034375 0.0171875
0 0.78515625 0.46171875 0.025 0.0203125
0 0.82890625 0.46015625 0.034375 0.01875
0 0.86796875 0.45859375 0.03125 0.01875
0 0.87578125 0.484375 0.0375 0.021875
0 0.83046875 0.484375 0.034375 0.0203125
0 0.7890625 0.4875 0.028125 0.0203125
0 0.7515625 0.4875 0.03125 0.0203125
0 0.70859375 0.48828125 0.025 0.015625
0 0.66953125 0.490625 0.0328125 0.021875
0 0.628125 0.48984375 0.03125 0.021875
0 0.58671875 0.49140625 0.03125 0.01875
0 0.54921875 0.49375 0.0265625 0.0203125
0 0.50625 0.4953125 0.03125 0.01875
0 0.471875 0.49375 0.028125 0.0234375
0 0.4296875 0.49453125 0.03125 0.021875
0 0.38828125 0.49296875 0.03125 0.0234375
0 0.340625 0.496875 0.03125 0.015625
0 0.290625 0.50078125 0.0265625 0.01875
0 0.25234375 0.503125 0.03125 0.0171875
0 0.2 0.50390625 0.034375 0.01875
0 0.15546875 0.50703125 0.028125 0.0203125
0 0.871875 0.50859375 0.040625 0.021875
0 0.83046875 0.51015625 0.0421875 0.021875
0 0.7859375 0.51171875 0.0375 0.01875
0 0.753125 0.51328125 0.0296875 0.0203125
0 0.71171875 0.51640625 0.03125 0.01875
0 0.66953125 0.51796875 0.034375 0.021875
0 0.6296875 0.5203125 0.0375 0.01875
0 0.5890625 0.5234375 0.028125 0.01875
0 0.546875 0.52578125 0.03125 0.021875
0 0.509375 0.528125 0.021875 0.0171875
0 0.47109375 0.52734375 0.0375 0.021875
0 0.43125 0.53125 0.034375 0.0234375
0 0.38671875 0.53203125 0.03125 0.0265625
0 0.34453125 0.53203125 0.028125 0.021875
0 0.2953125 0.53125 0.028125 0.021875
0 0.246875 0.53203125 0.03125 0.0203125
0 0.19921875 0.53828125 0.028125 0.021875
0 0.15703125 0.54140625 0.03125 0.0203125
0 0.1546875 0.5734375 0.025 0.0296875
0 0.20078125 0.57109375 0.028125 0.021875
0 0.24609375 0.56640625 0.034375 0.01875
0 0.29375 0.56640625 0.0296875 0.021875
0 0.33984375 0.5640625 0.028125 0.025
0 0.384375 0.56015625 0.0265625 0.0203125
0 0.428125 0.56015625 0.028125 0.021875
0 0.47265625 0.5609375 0.0296875 0.0234375
0 0.5125 0.5609375 0.03125 0.025
0 0.54453125 0.55703125 0.025 0.025
0 0.58203125 0.553125 0.03125 0.0234375
0 0.6296875 0.55 0.0265625 0.025
0 0.6671875 0.55 0.025 0.0203125
0 0.7078125 0.546875 0.021875 0.0234375
0 0.7484375 0.54375 0.0375 0.01875
0 0.79296875 0.54296875 0.034375 0.01875
0 0.8296875 0.5390625 0.034375 0.0296875
0 0.87265625 0.53515625 0.03125 0.025
0 0.87734375 0.56640625 0.046875 0.0296875
0 0.8328125 0.56875 0.034375 0.0234375
0 0.7890625 0.57265625 0.028125 0.021875
0 0.75078125 0.5734375 0.0296875 0.0234375
0 0.7140625 0.575 0.0375 0.021875
0 0.67734375 0.58125 0.034375 0.021875
0 0.63125 0.58125 0.034375 0.021875
0 0.5875 0.58203125 0.028125 0.0234375
0 0.54921875 0.58671875 0.0328125 0.0203125
0 0.51484375 0.590625 0.0375 0.028125
0 0.48046875 0.5890625 0.028125 0.021875
0 0.43671875 0.5890625 0.0375 0.025
0 0.38359375 0.59296875 0.0375 0.025
0 0.3390625 0.5953125 0.03125 0.021875
0 0.29296875 0.5984375 0.025 0.01875
0 0.253125 0.6015625 0.03125 0.021875
0 0.203125 0.6046875 0.025 0.0203125
0 0.1546875 0.60625 0.0328125 0.0234375
1 0.140625 0.64453125 0.0921875 0.028125
1 0.23671875 0.63359375 0.0765625 0.028125
1 0.32890625 0.62734375 0.078125 0.0359375
1 0.42109375 0.621875 0.08125 0.0265625
1 0.53046875 0.615625 0.084375 0.025
1 0.63828125 0.60859375 0.1109375 0.025
1 0.73984375 0.6046875 0.08125 0.025
1 0.83125 0.59765625 0.096875 0.0234375
1 0.84296875 0.6296875 0.1109375 0.0203125
1 0.74375 0.63515625 0.096875 0.025
1 0.634375 0.64375 0.090625 0.0171875
1 0.53671875 0.65078125 0.0875 0.0203125
1 0.43359375 0.65703125 0.08125 0.0265625
1 0.33671875 0.66328125 0.0875 0.0203125
1 0.24296875 0.66953125 0.090625 0.0234375
1 0.1421875 0.6734375 0.0875 0.0234375
1 0.14453125 0.71171875 0.0875 0.0265625
1 0.24921875 0.70078125 0.08125 0.021875
1 0.35 0.69453125 0.0921875 0.0203125
1 0.43671875 0.6875 0.090625 0.021875
1 0.546875 0.68125 0.103125 0.0265625
1 0.64921875 0.6734375 0.1 0.0265625
1 0.75234375 0.6703125 0.09375 0.0296875
1 0.84609375 0.66640625 0.084375 0.0359375
1 0.85390625 0.70703125 0.090625 0.034375
1 0.75 0.71171875 0.1 0.025
1 0.64140625 0.7140625 0.1078125 0.0359375
1 0.54375 0.71796875 0.090625 0.0296875
1 0.440625 0.725 0.090625 0.0265625
1 0.3515625 0.728125 0.084375 0.0265625
1 0.24765625 0.7359375 0.071875 0.0265625
1 0.14765625 0.74375 0.090625 0.0265625
1 0.1484375 0.7765625 0.084375 0.0296875
1 0.26484375 0.76953125 0.1 0.0203125
1 0.3578125 0.76328125 0.0875 0.0265625
1 0.44921875 0.75625 0.0796875 0.025
1 0.54375 0.75234375 0.08125 0.025
1 0.63984375 0.7515625 0.0953125 0.0296875
1 0.7453125 0.74765625 0.084375 0.034375
1 0.84140625 0.74296875 0.090625 0.0359375
1 0.85859375 0.7765625 0.1125 0.0296875
1 0.753125 0.77578125 0.0984375 0.0328125
1 0.65 0.78046875 0.09375 0.0265625
1 0.54765625 0.78671875 0.096875 0.0328125
1 0.44453125 0.7890625 0.078125 0.0296875
1 0.3640625 0.7953125 0.0859375 0.025
1 0.2625 0.8 0.0984375 0.025
1 0.16875 0.80859375 0.0875 0.0234375
1 0.1578125 0.84140625 0.090625 0.0265625
1 0.25859375 0.83515625 0.0875 0.0234375
1 0.3546875 0.83046875 0.08125 0.028125
1 0.45 0.8234375 0.0921875 0.0265625
1 0.54609375 0.81953125 0.0875 0.0265625
1 0.64296875 0.81796875 0.0875 0.0296875
1 0.75 0.815625 0.0984375 0.028125
1 0.84921875 0.8109375 0.08125 0.0328125
1 0.865625 0.85 0.1046875 0.0359375
1 0.7546875 0.8515625 0.09375 0.03125
1 0.65625 0.8515625 0.0890625 0.0296875
1 0.55390625 0.859375 0.09375 0.0265625
1 0.45234375 0.8625 0.0890625 0.0265625
1 0.3640625 0.8625 0.08125 0.0265625
1 0.26796875 0.86875 0.1 0.0296875
1 0.15 0.87421875 0.0875 0.025