3 0.1515625 0.8234375 0.109375 0.275
3 0.13125 0.55390625 0.0953125 0.259375
3 0.10234375 0.28359375 0.1046875 0.2359375
3 0.171875 0.22421875 0.078125 0.1734375
3 0.24453125 0.82890625 0.0953125 0.1921875
3 0.22109375 0.6171875 0.0953125 0.203125
3 0.1953125 0.40703125 0.0890625 0.2
3 0.259375 0.22109375 0.1046875 0.2109375
3 0.284375 0.45625 0.0859375 0.2359375
3 0.3203125 0.75625 0.1234375 0.33125
3 0.428125 0.73828125 0.1046875 0.315625
3 0.390625 0.4578125 0.0859375 0.2296875
3 0.359375 0.228125 0.0984375 0.228125
3 0.4359375 0.14765625 0.0875 0.153125
3 0.45 0.3109375 0.075 0.1515625
3 0.48515625 0.50390625 0.09375 0.21875
3 0.521875 0.7734375 0.0953125 0.2703125
3 0.6203125 0.7140625 0.1109375 0.33125
3 0.57265625 0.41171875 0.10625 0.246875
3 0.54609375 0.18359375 0.0921875 0.1984375
3 0.67734375 0.37734375 0.0984375 0.2984375
3 0.72265625 0.7125 0.1 0.3171875
3 0.81015625 0.7484375 0.090625 0.24375
3 0.784375 0.52265625 0.090625 0.203125
3 0.75078125 0.2875 0.0828125 0.2390625