3 0.9125 0.26328125 0.1140625 0.2765625
3 0.871875 0.53046875 0.0984375 0.259375
3 0.83828125 0.80078125 0.1078125 0.2359375
3 0.7578125 0.8421875 0.08125 0.1765625
3 0.82265625 0.23671875 0.0984375 0.19375
3 0.7984375 0.4484375 0.0984375 0.2046875
3 0.77578125 0.659375 0.0921875 0.2
3 0.671875 0.82578125 0.1078125 0.2125
3 0.70078125 0.59140625 0.090625 0.2375
3 0.7328125 0.290625 0.1296875 0.3328125
3 0.6234375 0.28359375 0.1109375 0.315625
3 0.59765625 0.565625 0.0890625 0.23125
3 0.57578125 0.796875 0.1015625 0.2296875
3 0.4828125 0.8578125 0.0890625 0.1546875
3 0.50625 0.6953125 0.0765625 0.153125
3 0.51484375 0.49921875 0.096875 0.2203125
3 0.540625 0.22890625 0.1 0.2703125
3 0.43125 0.2640625 0.1171875 0.3328125
3 0.409375 0.5703125 0.109375 0.246875
3 0.38359375 0.7984375 0.0953125 0.2
3 0.3 0.5796875 0.103125 0.2984375
3 0.33046875 0.24296875 0.1046875 0.31875
3 0.253125 0.18828125 0.09375 0.24375
3 0.228125 0.4140625 0.09375 0.2046875
3 0.2078125 0.65078125 0.0875 0.240625