3 0.21484375 0.11953125 0.26875 0.08046875
3 0.48515625 0.12734375 0.253125 0.06953125
3 0.75703125 0.12734375 0.22734375 0.08125
3 0.80859375 0.20234375 0.16953125 0.0609375
3 0.19921875 0.21171875 0.1859375 0.0765625
3 0.4125 0.21015625 0.19609375 0.07421875
3 0.62421875 0.20703125 0.19296875 0.06953125
3 0.80234375 0.28984375 0.20390625 0.084375
3 0.56640625 0.28984375 0.23125 0.06171875
3 0.2640625 0.29453125 0.3234375 0.09140625
3 0.2703125 0.40390625 0.31015625 0.0734375
3 0.553125 0.3953125 0.22421875 0.06171875
3 0.78515625 0.38828125 0.221875 0.07578125
3 0.85703125 0.4734375 0.14765625 0.07265625
3 0.69296875 0.4703125 0.146875 0.06015625
3 0.49765625 0.48515625 0.2125 0.07109375
3 0.22578125 0.49296875 0.2640625 0.06796875
3 0.27421875 0.596875 0.32421875 0.07890625
3 0.58046875 0.58125 0.2390625 0.08046875
3 0.81015625 0.57890625 0.1921875 0.071875
3 0.603125 0.6890625 0.2921875 0.06953125
3 0.265625 0.69921875 0.31171875 0.0671875
3 0.2203125 0.7828125 0.2375 0.06640625
3 0.44765625 0.78046875 0.196875 0.0703125
3 0.68515625 0.771875 0.23359375 0.06015625