3 0.23359375 0.125 0.3140625 0.09375
3 0.5140625 0.13671875 0.215625 0.08359375
3 0.76328125 0.1671875 0.1109375 0.15234375
3 0.7640625 0.31796875 0.1125 0.11484375
3 0.540625 0.2203125 0.24765625 0.07265625
3 0.2296875 0.22890625 0.29765625 0.09140625
3 0.2546875 0.32734375 0.2578125 0.0703125
3 0.54609375 0.31953125 0.20625 0.071875
3 0.7546875 0.42890625 0.1875 0.071875
3 0.5265625 0.42578125 0.2140625 0.078125
3 0.23203125 0.42734375 0.23828125 0.075
3 0.23125 0.53046875 0.21953125 0.10703125
3 0.51796875 0.52265625 0.22421875 0.0984375
3 0.76875 0.51796875 0.1890625 0.0828125
3 0.76484375 0.62734375 0.165625 0.08828125
3 0.78671875 0.73828125 0.228125 0.0890625
3 0.82265625 0.8390625 0.20859375 0.0875
3 0.5640625 0.846875 0.23203125 0.059375
3 0.5421875 0.7359375 0.19765625 0.0953125
3 0.52109375 0.63046875 0.2265625 0.08046875
3 0.24453125 0.62578125 0.24375 0.0828125
3 0.25078125 0.73125 0.2578125 0.11015625
3 0.2703125 0.85234375 0.2578125 0.0953125