3 0.20703125 0.13828125 0.22421875 0.08046875
3 0.41796875 0.14296875 0.16875 0.0703125
3 0.6140625 0.13359375 0.153125 0.0640625
3 0.778125 0.12421875 0.1296875 0.071875
3 0.703125 0.2296875 0.1890625 0.07109375
3 0.4640625 0.23828125 0.21015625 0.06875
3 0.21015625 0.23671875 0.228125 0.07734375
3 0.253125 0.34140625 0.27578125 0.08359375
3 0.5890625 0.33515625 0.29609375 0.08828125
3 0.85625 0.2953125 0.09296875 0.17734375
3 0.84921875 0.43203125 0.13359375 0.0765625
3 0.675 0.43125 0.18125 0.0828125
3 0.4609375 0.440625 0.22421875 0.0953125
3 0.21640625 0.440625 0.228125 0.08125
3 0.2421875 0.540625 0.24140625 0.07109375
3 0.4921875 0.5328125 0.1921875 0.07734375
3 0.69296875 0.52578125 0.1890625 0.078125
3 0.86328125 0.58125 0.12265625 0.2
3 0.61796875 0.61953125 0.3125 0.06640625
3 0.28125 0.6265625 0.33046875 0.08359375
3 0.23515625 0.7203125 0.21484375 0.0703125
3 0.4453125 0.7203125 0.18359375 0.07578125
3 0.6375 0.71484375 0.1765625 0.07265625
3 0.82265625 0.71953125 0.2046875 0.08359375
3 0.8453125 0.80390625 0.17265625 0.05859375
3 0.65859375 0.80078125 0.15703125 0.06015625
3 0.4625 0.80078125 0.19140625 0.0640625
3 0.2453125 0.790625 0.21015625 0.06953125
3 0.32421875 0.87578125 0.31953125 0.07890625
3 0.67421875 0.88125 0.31015625 0.07734375