3 0.125 0.76640625 0.09375 0.3140625
3 0.13671875 0.4859375 0.084375 0.215625
3 0.1671875 0.23671875 0.153125 0.1109375
3 0.31796875 0.2359375 0.115625 0.1125
3 0.2203125 0.459375 0.071875 0.246875
3 0.22890625 0.7703125 0.090625 0.296875
3 0.32734375 0.7453125 0.0703125 0.2578125
3 0.31953125 0.45390625 0.071875 0.20625
3 0.42890625 0.2453125 0.071875 0.1875
3 0.42578125 0.4734375 0.078125 0.2140625
3 0.42734375 0.76796875 0.075 0.2375
3 0.53046875 0.76875 0.10625 0.21875
3 0.52265625 0.48203125 0.0984375 0.225
3 0.51796875 0.23125 0.0828125 0.1890625
3 0.62734375 0.23515625 0.0875 0.165625
3 0.73828125 0.21328125 0.0890625 0.228125
3 0.8390625 0.17734375 0.0875 0.209375
3 0.846875 0.4359375 0.059375 0.23125
3 0.7359375 0.4578125 0.0953125 0.196875
3 0.63046875 0.47890625 0.08125 0.2265625
3 0.62578125 0.75546875 0.0828125 0.24375
3 0.73125 0.74921875 0.109375 0.2578125
3 0.85234375 0.7296875 0.0953125 0.2578125