3 0.1828125 0.840625 0.1125 0.234375
3 0.1578125 0.63125 0.09375 0.1765625
3 0.12109375 0.43828125 0.084375 0.1609375
3 0.0890625 0.2765625 0.0890625 0.1390625
3 0.20390625 0.33671875 0.096875 0.196875
3 0.24609375 0.571875 0.096875 0.2171875
3 0.2796875 0.8234375 0.109375 0.2375
3 0.37734375 0.76640625 0.121875 0.284375
3 0.32421875 0.434375 0.128125 0.30625
3 0.24765625 0.17578125 0.1890625 0.1171875
3 0.384375 0.16328125 0.09375 0.14375
3 0.4078125 0.3359375 0.1078125 0.190625
3 0.446875 0.546875 0.125 0.2359375
3 0.48046875 0.7890625 0.1125 0.2375
3 0.57578125 0.75 0.1046875 0.2484375
3 0.53359375 0.503125 0.1046875 0.2015625
3 0.4984375 0.30546875 0.103125 0.1984375
3 0.5296875 0.12890625 0.215625 0.1484375
3 0.6015625 0.36640625 0.1078125 0.31875
3 0.65546875 0.69921875 0.1296875 0.3390625
3 0.7546875 0.73125 0.1 0.2234375
3 0.72578125 0.5234375 0.1 0.19375
3 0.69375 0.33359375 0.0953125 0.184375
3 0.67265625 0.15 0.1125 0.2140625
3 0.753125 0.115625 0.0828125 0.178125
3 0.77578125 0.30078125 0.08125 0.1625
3 0.803125 0.4953125 0.090625 0.1984375
3 0.8234375 0.71171875 0.096875 0.2171875
3 0.896875 0.621875 0.121875 0.3265625
3 0.853125 0.27421875 0.1203125 0.3171875