3 0.7984375 0.85 0.3203125 0.1203125
3 0.51796875 0.86328125 0.221875 0.103125
3 0.26640625 0.8546875 0.1234375 0.1625
3 0.253125 0.7046875 0.121875 0.125
3 0.48359375 0.78203125 0.2515625 0.09375
3 0.79296875 0.746875 0.303125 0.1171875
3 0.759375 0.65078125 0.2625 0.0921875
3 0.46953125 0.68359375 0.2125 0.0890625
3 0.25234375 0.59296875 0.19375 0.0875
3 0.4796875 0.5765625 0.2203125 0.096875
3 0.7734375 0.54921875 0.24375 0.0953125
3 0.76484375 0.44609375 0.2265625 0.1265625
3 0.48046875 0.47890625 0.2328125 0.1171875
3 0.23046875 0.50546875 0.1953125 0.0984375
3 0.225 0.39609375 0.171875 0.1015625
3 0.19375 0.2875 0.234375 0.109375
3 0.14921875 0.190625 0.215625 0.1046875
3 0.40625 0.16015625 0.2375 0.0796875
3 0.4375 0.26875 0.20625 0.1125
3 0.46796875 0.371875 0.2328125 0.1
3 0.74375 0.35234375 0.25 0.103125
3 0.728125 0.24765625 0.2671875 0.1328125
3 0.6984375 0.12890625 0.265625 0.1171875