3 0.79296875 0.86171875 0.225 0.08125
3 0.58203125 0.85703125 0.16875 0.0703125
3 0.3859375 0.86640625 0.153125 0.0640625
3 0.221875 0.87578125 0.1296875 0.071875
3 0.296875 0.7703125 0.1890625 0.071875
3 0.5359375 0.76171875 0.209375 0.06875
3 0.78984375 0.76328125 0.228125 0.078125
3 0.746875 0.65859375 0.275 0.084375
3 0.4109375 0.66484375 0.296875 0.0875
3 0.14375 0.7046875 0.09375 0.178125
3 0.15078125 0.56796875 0.134375 0.0765625
3 0.325 0.56875 0.18125 0.0828125
3 0.5390625 0.559375 0.225 0.0953125
3 0.78359375 0.559375 0.228125 0.08125
3 0.7578125 0.459375 0.240625 0.071875
3 0.5078125 0.4671875 0.1921875 0.078125
3 0.30703125 0.47421875 0.1890625 0.078125
3 0.13671875 0.41875 0.1234375 0.2
3 0.38203125 0.38046875 0.3125 0.065625
3 0.71875 0.3734375 0.33125 0.084375
3 0.76484375 0.2796875 0.215625 0.0703125
3 0.5546875 0.2796875 0.184375 0.075
3 0.3625 0.28515625 0.1765625 0.071875
3 0.17734375 0.28046875 0.2046875 0.084375
3 0.1546875 0.19609375 0.171875 0.059375
3 0.34140625 0.19921875 0.1578125 0.059375
3 0.5375 0.19921875 0.190625 0.0640625
3 0.7546875 0.209375 0.209375 0.06875
3 0.67578125 0.12421875 0.3203125 0.078125
3 0.32578125 0.11875 0.3109375 0.078125