1 0.20078125 0.125 0.2265625 0.0765625
1 0.40625 0.13203125 0.1671875 0.053125
1 0.56484375 0.1203125 0.1375 0.0453125
1 0.69765625 0.121875 0.146875 0.0484375
1 0.846875 0.125 0.134375 0.0375
1 0.85859375 0.20078125 0.159375 0.0453125
1 0.7078125 0.19140625 0.1234375 0.05625
1 0.56953125 0.1953125 0.1328125 0.0515625
1 0.4046875 0.20078125 0.165625 0.053125
1 0.1796875 0.20625 0.2171875 0.059375
1 0.8703125 0.26953125 0.10625 0.0546875
1 0.74140625 0.2703125 0.1375 0.0421875
1 0.5859375 0.27890625 0.1203125 0.040625
1 0.4234375 0.27890625 0.1984375 0.0515625
1 0.18828125 0.28515625 0.25625 0.0546875
1 0.1796875 0.37734375 0.2109375 0.05625
1 0.38828125 0.37265625 0.18125 0.05625
1 0.5625 0.37265625 0.1453125 0.0546875
1 0.703125 0.3640625 0.1328125 0.0625
1 0.8390625 0.365625 0.1140625 0.0578125
1 0.8578125 0.4390625 0.125 0.0421875
1 0.74296875 0.43203125 0.0984375 0.0546875
1 0.61171875 0.434375 0.1234375 0.040625
1 0.4265625 0.4390625 0.1890625 0.0453125
1 0.20625 0.44921875 0.2203125 0.0546875
1 0.21171875 0.52578125 0.2265625 0.0703125
1 0.4265625 0.5171875 0.1640625 0.0671875
1 0.57265625 0.5140625 0.115625 0.0359375
1 0.7203125 0.515625 0.1390625 0.0484375
1 0.846875 0.5078125 0.103125 0.0328125
1 0.834375 0.575 0.13125 0.034375
1 0.6984375 0.578125 0.1296875 0.0390625
1 0.5703125 0.58671875 0.128125 0.0359375
1 0.390625 0.59921875 0.153125 0.03125
1 0.1921875 0.59765625 0.209375 0.0625
1 0.1921875 0.67578125 0.2296875 0.0421875
1 0.19765625 0.74375 0.2125 0.0453125
1 0.1859375 0.8296875 0.2359375 0.0625
1 0.403125 0.67109375 0.1484375 0.053125
1 0.39140625 0.74453125 0.1625 0.04375
1 0.390625 0.8375 0.1609375 0.05625
1 0.53984375 0.83671875 0.1015625 0.0578125
1 0.68125 0.82890625 0.090625 0.03125
1 0.8203125 0.83203125 0.1078125 0.0546875
1 0.84921875 0.73359375 0.0828125 0.0625
1 0.85703125 0.65234375 0.134375 0.046875
1 0.70859375 0.6546875 0.1140625 0.05
1 0.72890625 0.72421875 0.1375 0.05625
1 0.56796875 0.73203125 0.1421875 0.0515625
1 0.57265625 0.6625 0.125 0.0546875