1 0.18125 0.1234375 0.17734375 0.06171875
1 0.34375 0.11953125 0.1546875 0.040625
1 0.48984375 0.1171875 0.17265625 0.04140625
1 0.64375 0.11875 0.1359375 0.046875
1 0.79296875 0.12109375 0.12421875 0.03984375
1 0.81171875 0.1875 0.121875 0.05078125
1 0.66171875 0.18671875 0.11171875 0.05
1 0.5296875 0.190625 0.1296875 0.0484375
1 0.38125 0.19453125 0.1625 0.06484375
1 0.18203125 0.20234375 0.20390625 0.0609375
1 0.1734375 0.27578125 0.15078125 0.0546875
1 0.37421875 0.27578125 0.153125 0.0484375
1 0.55859375 0.2703125 0.11640625 0.04609375
1 0.70703125 0.26640625 0.12421875 0.05
1 0.84375 0.26484375 0.1359375 0.05546875
1 0.846875 0.33828125 0.1265625 0.04296875
1 0.70859375 0.33203125 0.1390625 0.05859375
1 0.57109375 0.3421875 0.13046875 0.04609375
1 0.3859375 0.34609375 0.18359375 0.05
1 0.1640625 0.346875 0.13125 0.04921875
1 0.171875 0.4171875 0.16015625 0.0515625
1 0.38828125 0.41328125 0.1921875 0.059375
1 0.57265625 0.4046875 0.13046875 0.03046875
1 0.7140625 0.40078125 0.09921875 0.04296875
1 0.85234375 0.4 0.13125 0.053125
1 0.85859375 0.471875 0.13046875 0.0453125
1 0.7140625 0.47421875 0.1203125 0.03828125
1 0.553125 0.4765625 0.1609375 0.04140625
1 0.36328125 0.4921875 0.17734375 0.04375
1 0.1734375 0.4953125 0.1859375 0.040625
1 0.1703125 0.571875 0.1765625 0.06171875
1 0.3640625 0.56953125 0.16640625 0.04765625
1 0.546875 0.559375 0.17265625 0.05390625
1 0.71484375 0.55390625 0.11171875 0.040625
1 0.84765625 0.5453125 0.13125 0.05625
1 0.86875 0.63046875 0.15625 0.05546875
1 0.70859375 0.63046875 0.11640625 0.040625
1 0.54921875 0.640625 0.16875 0.0375
1 0.3484375 0.65546875 0.1640625 0.0515625
1 0.165625 0.6578125 0.18984375 0.04453125
1 0.17109375 0.746875 0.1734375 0.04921875
1 0.3609375 0.740625 0.15703125 0.0546875
1 0.54609375 0.72578125 0.15078125 0.0546875
1 0.70390625 0.73125 0.11796875 0.0515625
1 0.84296875 0.72265625 0.121875 0.06875
1 0.8625 0.84140625 0.14140625 0.06171875
1 0.70234375 0.82734375 0.14140625 0.05703125
1 0.5515625 0.83984375 0.1578125 0.04609375
1 0.35859375 0.84453125 0.153125 0.0515625
1 0.178125 0.8484375 0.18359375 0.0640625