1 0.1375 0.16484375 0.184375 0.084375
1 0.2984375 0.14140625 0.1578125 0.059375
1 0.44296875 0.12109375 0.175 0.0609375
1 0.59609375 0.10390625 0.140625 0.0625
1 0.74453125 0.08828125 0.1296875 0.05625
1 0.77109375 0.1515625 0.1265625 0.0640625
1 0.62265625 0.16953125 0.1171875 0.0640625
1 0.49140625 0.1890625 0.134375 0.0640625
1 0.34453125 0.2109375 0.16875 0.084375
1 0.1484375 0.24296875 0.209375 0.0859375
1 0.1484375 0.3171875 0.15625 0.071875
1 0.34765625 0.29296875 0.1578125 0.0671875
1 0.53046875 0.26484375 0.1203125 0.0609375
1 0.67734375 0.24296875 0.1296875 0.065625
1 0.8125 0.225 0.1421875 0.071875
1 0.82421875 0.296875 0.13125 0.059375
1 0.68671875 0.3078125 0.1453125 0.0765625
1 0.5515625 0.334375 0.1359375 0.0625
1 0.36796875 0.3609375 0.1890625 0.071875
1 0.14765625 0.3890625 0.1359375 0.065625
1 0.1640625 0.4578125 0.1640625 0.0703125
1 0.37890625 0.42734375 0.1984375 0.0828125
1 0.56015625 0.396875 0.134375 0.046875
1 0.7 0.37578125 0.1046875 0.05625
1 0.8375 0.3578125 0.1375 0.06875
1 0.85234375 0.428125 0.1359375 0.0609375
1 0.709375 0.4484375 0.1234375 0.0515625
1 0.55 0.4703125 0.1640625 0.059375
1 0.36328125 0.50859375 0.1828125 0.065625
1 0.175 0.53515625 0.1890625 0.0625
1 0.18125 0.61171875 0.1828125 0.0828125
1 0.3734375 0.5859375 0.1703125 0.0671875
1 0.55390625 0.553125 0.1765625 0.0734375
1 0.71953125 0.52734375 0.1171875 0.0546875
1 0.85078125 0.50234375 0.1375 0.071875
1 0.88203125 0.584375 0.1625 0.075
1 0.72265625 0.60390625 0.1203125 0.0546875
1 0.565625 0.63359375 0.171875 0.0578125
1 0.36875 0.67265625 0.16875 0.071875
1 0.1875 0.69765625 0.1953125 0.0671875
1 0.20390625 0.78515625 0.178125 0.0703125
1 0.39140625 0.75546875 0.1625 0.0734375
1 0.5734375 0.71875 0.15625 0.071875
1 0.73046875 0.7046875 0.1234375 0.065625
1 0.8671875 0.67890625 0.1296875 0.0828125
1 0.9015625 0.79453125 0.146875 0.0796875
1 0.740625 0.8 0.146875 0.0734375
1 0.59296875 0.83125 0.1625 0.065625
1 0.4015625 0.859375 0.1578125 0.0703125
1 0.22265625 0.88515625 0.190625 0.0859375