1 0.8640625 0.18828125 0.0765625 0.2265625
1 0.86484375 0.39375 0.053125 0.1671875
1 0.88125 0.5515625 0.0453125 0.1375
1 0.884375 0.684375 0.0484375 0.1484375
1 0.8875 0.83359375 0.0375 0.134375
1 0.81171875 0.84765625 0.0453125 0.1609375
1 0.815625 0.696875 0.05625 0.1234375
1 0.80625 0.55859375 0.0515625 0.1328125
1 0.79609375 0.39375 0.053125 0.165625
1 0.7828125 0.16953125 0.059375 0.2171875
1 0.74296875 0.8625 0.0546875 0.10625
1 0.7375 0.73359375 0.0421875 0.1375
1 0.72421875 0.578125 0.040625 0.1203125
1 0.71796875 0.415625 0.0515625 0.1984375
1 0.70390625 0.18046875 0.0546875 0.25625
1 0.61171875 0.175 0.05625 0.2109375
1 0.62265625 0.38359375 0.05625 0.18125
1 0.62890625 0.5578125 0.0546875 0.1453125
1 0.64296875 0.6984375 0.0625 0.1328125
1 0.64609375 0.834375 0.0578125 0.1140625
1 0.5734375 0.85546875 0.0421875 0.125
1 0.57578125 0.73984375 0.0546875 0.0984375
1 0.56875 0.609375 0.040625 0.1234375
1 0.5578125 0.425 0.0453125 0.1890625
1 0.53984375 0.2046875 0.0546875 0.2203125
1 0.46484375 0.21328125 0.0703125 0.2265625
1 0.4796875 0.4265625 0.0671875 0.1640625
1 0.4890625 0.57265625 0.0359375 0.115625
1 0.4921875 0.7203125 0.0484375 0.1390625
1 0.5046875 0.846875 0.0328125 0.103125
1 0.43671875 0.83671875 0.034375 0.13125
1 0.428125 0.7015625 0.0390625 0.1296875
1 0.41640625 0.5734375 0.0359375 0.128125
1 0.39765625 0.39375 0.03125 0.153125
1 0.39140625 0.1953125 0.0625 0.209375
1 0.31328125 0.1984375 0.0421875 0.2296875
1 0.2453125 0.20703125 0.0453125 0.2125
1 0.159375 0.19765625 0.0625 0.2359375
1 0.32578125 0.409375 0.053125 0.1484375
1 0.25234375 0.4 0.04375 0.1625
1 0.159375 0.403125 0.05625 0.1609375
1 0.16484375 0.5515625 0.0578125 0.1015625
1 0.17734375 0.6921875 0.03125 0.090625
1 0.17890625 0.83125 0.0546875 0.1078125
1 0.27890625 0.85703125 0.0625 0.0828125
1 0.36015625 0.86171875 0.046875 0.134375
1 0.353125 0.71328125 0.05 0.1140625
1 0.28359375 0.73671875 0.05625 0.1375
1 0.27109375 0.57578125 0.0515625 0.1421875
1 0.340625 0.57890625 0.0546875 0.125