1 0.19453125 0.13046875 0.22421875 0.07265625
1 0.4 0.13359375 0.16484375 0.05
1 0.55859375 0.11953125 0.1375 0.0421875
1 0.69140625 0.11875 0.14765625 0.0453125
1 0.840625 0.11875 0.134375 0.0359375
1 0.853125 0.19453125 0.16015625 0.0421875
1 0.70234375 0.1875 0.12265625 0.0546875
1 0.5640625 0.19453125 0.13125 0.05
1 0.39921875 0.20234375 0.1640625 0.05
1 0.17421875 0.21171875 0.215625 0.05546875
1 0.86640625 0.26328125 0.1046875 0.053125
1 0.7375 0.26640625 0.1375 0.0390625
1 0.58203125 0.27734375 0.1203125 0.0390625
1 0.41953125 0.28046875 0.19609375 0.0484375
1 0.184375 0.290625 0.2546875 0.05078125
1 0.17734375 0.3828125 0.20859375 0.05234375
1 0.3859375 0.375 0.1796875 0.05390625
1 0.56015625 0.371875 0.14296875 0.0515625
1 0.70078125 0.36015625 0.13125 0.0609375
1 0.83671875 0.359375 0.1125 0.05625
1 0.85703125 0.4328125 0.12421875 0.03984375
1 0.74140625 0.428125 0.09609375 0.053125
1 0.6109375 0.4328125 0.1234375 0.0390625
1 0.42578125 0.440625 0.1890625 0.0421875
1 0.20546875 0.4546875 0.21875 0.0515625
1 0.2125 0.53046875 0.22421875 0.065625
1 0.4265625 0.51875 0.1625 0.0640625
1 0.57265625 0.5125 0.115625 0.03515625
1 0.7203125 0.51171875 0.1390625 0.0453125
1 0.846875 0.5015625 0.10234375 0.03046875
1 0.8359375 0.56953125 0.13203125 0.0328125
1 0.7 0.575 0.1296875 0.0375
1 0.571875 0.58515625 0.128125 0.03359375
1 0.3921875 0.60078125 0.153125 0.02734375
1 0.19375 0.603125 0.2078125 0.05859375
1 0.1953125 0.68125 0.2296875 0.03828125
1 0.20234375 0.74921875 0.2125 0.0421875
1 0.19140625 0.83515625 0.234375 0.0578125
1 0.40625 0.67265625 0.14609375 0.05
1 0.3953125 0.74609375 0.1625 0.04140625
1 0.396875 0.8390625 0.15859375 0.053125
1 0.54609375 0.8359375 0.1 0.05546875
1 0.68671875 0.82578125 0.09140625 0.0296875
1 0.82578125 0.8265625 0.10625 0.05234375
1 0.853125 0.72734375 0.08203125 0.0609375
1 0.859375 0.64609375 0.134375 0.0453125
1 0.7109375 0.65078125 0.11171875 0.0484375
1 0.7328125 0.7203125 0.1359375 0.053125
1 0.571875 0.73046875 0.13984375 0.0484375
1 0.57578125 0.6609375 0.1234375 0.053125