1 0.13203125 0.17109375 0.184375 0.0859375
1 0.2921875 0.1453125 0.159375 0.0625
1 0.43671875 0.12265625 0.1765625 0.0640625
1 0.5890625 0.10234375 0.140625 0.065625
1 0.7375 0.084375 0.1296875 0.0578125
1 0.76484375 0.146875 0.128125 0.0671875
1 0.61640625 0.1671875 0.11875 0.065625
1 0.48671875 0.18984375 0.1359375 0.065625
1 0.33984375 0.2140625 0.1703125 0.0875
1 0.14375 0.24921875 0.209375 0.0890625
1 0.1453125 0.3234375 0.15625 0.075
1 0.34453125 0.2953125 0.1578125 0.06875
1 0.52578125 0.2640625 0.1203125 0.0625
1 0.67265625 0.23984375 0.13125 0.0671875
1 0.8078125 0.21953125 0.1421875 0.075
1 0.82109375 0.29140625 0.13125 0.0609375
1 0.6828125 0.3046875 0.1453125 0.078125
1 0.5484375 0.33359375 0.1359375 0.0640625
1 0.365625 0.36328125 0.1890625 0.075
1 0.14609375 0.3953125 0.1375 0.0671875
1 0.16328125 0.46328125 0.165625 0.0734375
1 0.37734375 0.4296875 0.1984375 0.0859375
1 0.55859375 0.3953125 0.134375 0.0484375
1 0.6984375 0.371875 0.1046875 0.0578125
1 0.83515625 0.3515625 0.1375 0.0703125
1 0.8515625 0.421875 0.1359375 0.0625
1 0.70859375 0.44453125 0.125 0.053125
1 0.54921875 0.46953125 0.165625 0.0625
1 0.36328125 0.5109375 0.1828125 0.06875
1 0.17578125 0.540625 0.1890625 0.065625
1 0.18359375 0.6171875 0.1828125 0.0859375
1 0.375 0.5875 0.1703125 0.06875
1 0.5546875 0.55234375 0.178125 0.0765625
1 0.7203125 0.5234375 0.1171875 0.05625
1 0.85078125 0.496875 0.1375 0.0734375
1 0.88359375 0.578125 0.1625 0.078125
1 0.725 0.6 0.1203125 0.05625
1 0.56796875 0.63203125 0.171875 0.0609375
1 0.371875 0.675 0.1703125 0.0734375
1 0.190625 0.703125 0.1953125 0.0703125
1 0.20859375 0.790625 0.178125 0.0734375
1 0.39609375 0.7578125 0.1625 0.0765625
1 0.57734375 0.7171875 0.15625 0.075
1 0.734375 0.70078125 0.125 0.0671875
1 0.8703125 0.67265625 0.1296875 0.084375
1 0.90625 0.7875 0.1484375 0.08125
1 0.74609375 0.79609375 0.146875 0.075
1 0.5984375 0.8296875 0.1625 0.06875
1 0.4078125 0.8609375 0.159375 0.071875
1 0.2296875 0.88984375 0.1921875 0.0890625