4 0.11640625 0.76484375 0.078125 0.1875
4 0.11875 0.56015625 0.0765625 0.196875
4 0.12265625 0.34140625 0.0671875 0.1875
4 0.1140625 0.14921875 0.065625 0.1546875
4 0.19921875 0.159375 0.0515625 0.1390625
4 0.19921875 0.3515625 0.05625 0.1546875
4 0.1953125 0.5640625 0.05625 0.1671875
4 0.19453125 0.76484375 0.059375 0.2015625
4 0.26796875 0.76796875 0.05625 0.20625
4 0.26484375 0.5671875 0.05625 0.1609375
4 0.259375 0.353125 0.0671875 0.1625
4 0.25546875 0.17421875 0.059375 0.1453125
4 0.31953125 0.16953125 0.0578125 0.1359375
4 0.321875 0.353125 0.0640625 0.1453125
4 0.3234375 0.5671875 0.0453125 0.1265625
4 0.32265625 0.76171875 0.0625 0.2203125
4 0.390625 0.7609375 0.0484375 0.2046875
4 0.4484375 0.7546875 0.053125 0.20625
4 0.5328125 0.759375 0.059375 0.2015625
4 0.52890625 0.5734375 0.065625 0.1546875
4 0.45546875 0.56015625 0.0484375 0.1625
4 0.396875 0.5671875 0.0515625 0.121875
4 0.39453125 0.35546875 0.053125 0.1421875
4 0.39140625 0.16875 0.05 0.1703125
4 0.4453125 0.17734375 0.0515625 0.13125
4 0.45390625 0.3359375 0.0484375 0.140625
4 0.51640625 0.35 0.0625 0.1484375
4 0.5125 0.1765625 0.06875 0.1390625
4 0.5796875 0.18125 0.065625 0.1578125
4 0.5890625 0.34609375 0.0609375 0.1640625
4 0.60078125 0.5546875 0.05625 0.1578125
4 0.5984375 0.7546875 0.059375 0.2046875
4 0.65703125 0.74453125 0.0625 0.190625
4 0.66015625 0.5421875 0.059375 0.1953125
4 0.6484375 0.33359375 0.05625 0.1890625
4 0.63671875 0.15 0.0546875 0.128125
4 0.70625 0.1515625 0.0625 0.1453125
4 0.71015625 0.3265625 0.05 0.1609375
4 0.72578125 0.56484375 0.071875 0.1984375
4 0.71875 0.7671875 0.05 0.1921875
4 0.78125 0.7578125 0.05625 0.178125
4 0.78359375 0.56640625 0.040625 0.190625
4 0.77578125 0.34609375 0.0421875 0.1921875
4 0.76796875 0.1765625 0.0515625 0.1234375
4 0.82578125 0.18203125 0.05 0.1421875
4 0.82421875 0.35703125 0.05 0.1453125
4 0.87734375 0.19765625 0.05 0.1484375
4 0.88515625 0.36953125 0.0484375 0.1609375
4 0.8859375 0.56796875 0.046875 0.1609375
4 0.83359375 0.55859375 0.05625 0.1890625
4 0.83828125 0.76484375 0.05 0.171875
4 0.89296875 0.7640625 0.0484375 0.1921875