4 0.78515625 0.86953125 0.1875 0.08125
4 0.58046875 0.878125 0.1984375 0.0796875
4 0.3609375 0.88515625 0.1875 0.0703125
4 0.1703125 0.90390625 0.1546875 0.0671875
4 0.17578125 0.81875 0.1390625 0.053125
4 0.36796875 0.8078125 0.1546875 0.0578125
4 0.58046875 0.8015625 0.1671875 0.059375
4 0.78046875 0.79140625 0.2015625 0.0640625
4 0.7796875 0.71796875 0.20625 0.0609375
4 0.57890625 0.73125 0.1609375 0.059375
4 0.365625 0.74765625 0.1625 0.0703125
4 0.1875 0.7609375 0.1453125 0.0625
4 0.1796875 0.696875 0.1359375 0.0625
4 0.3625 0.68515625 0.1453125 0.065625
4 0.5765625 0.67265625 0.128125 0.0484375
4 0.77109375 0.66328125 0.2203125 0.0671875
4 0.765625 0.5953125 0.20625 0.053125
4 0.75703125 0.53828125 0.20625 0.0578125
4 0.75703125 0.453125 0.2015625 0.0625
4 0.571875 0.4671875 0.1546875 0.0671875
4 0.5625 0.54140625 0.1640625 0.0515625
4 0.571875 0.59921875 0.121875 0.0546875
4 0.3609375 0.6125 0.1421875 0.0546875
4 0.17421875 0.62578125 0.1703125 0.053125
4 0.18046875 0.57109375 0.13125 0.0546875
4 0.33828125 0.5546875 0.1421875 0.05
4 0.34921875 0.49140625 0.1484375 0.0640625
4 0.1765625 0.50390625 0.1390625 0.071875
4 0.17734375 0.43671875 0.159375 0.06875
4 0.34140625 0.41875 0.1640625 0.0640625
4 0.54921875 0.396875 0.1578125 0.0578125
4 0.74921875 0.38828125 0.2046875 0.0640625
4 0.7359375 0.33046875 0.190625 0.065625
4 0.53359375 0.3375 0.1953125 0.0625
4 0.3265625 0.3609375 0.1890625 0.059375
4 0.14296875 0.38203125 0.128125 0.059375
4 0.140625 0.3125 0.1453125 0.065625
4 0.315625 0.29921875 0.1625 0.053125
4 0.553125 0.27109375 0.1984375 0.075
4 0.75546875 0.2671875 0.1921875 0.053125
4 0.74296875 0.20546875 0.178125 0.059375
4 0.5515625 0.21328125 0.1921875 0.04375
4 0.33203125 0.23203125 0.19375 0.0453125
4 0.16328125 0.24921875 0.1234375 0.0546875
4 0.165625 0.19140625 0.1421875 0.0515625
4 0.340625 0.18359375 0.1453125 0.0515625
4 0.17890625 0.1390625 0.1484375 0.0515625
4 0.34921875 0.121875 0.1625 0.0515625
4 0.54765625 0.11171875 0.1625 0.05
4 0.54140625 0.1640625 0.1890625 0.059375
4 0.74609375 0.1484375 0.171875 0.053125
4 0.74296875 0.09375 0.19375 0.0515625