4 0.25546875 0.096875 0.2078125 0.1015625
4 0.45078125 0.125 0.178125 0.0828125
4 0.67890625 0.140625 0.1953125 0.096875
4 0.871875 0.15390625 0.1734375 0.0921875
4 0.8671875 0.228125 0.165625 0.059375
4 0.66796875 0.21484375 0.1953125 0.0671875
4 0.459375 0.1859375 0.1953125 0.0734375
4 0.25078125 0.16953125 0.1921875 0.071875
4 0.2453125 0.2390625 0.203125 0.0875
4 0.4515625 0.2625 0.18125 0.0828125
4 0.66484375 0.2828125 0.1859375 0.06875
4 0.85546875 0.29609375 0.1390625 0.065625
4 0.86015625 0.37890625 0.165625 0.065625
4 0.66640625 0.3546875 0.1921875 0.06875
4 0.440625 0.3328125 0.1859375 0.06875
4 0.23046875 0.31328125 0.1953125 0.0734375
4 0.2328125 0.38046875 0.1671875 0.06875
4 0.44453125 0.40546875 0.2015625 0.0765625
4 0.65703125 0.41875 0.1953125 0.0734375
4 0.85234375 0.4359375 0.1640625 0.071875
4 0.83046875 0.51171875 0.1578125 0.065625
4 0.65078125 0.50078125 0.178125 0.0609375
4 0.4359375 0.4796875 0.203125 0.0640625
4 0.2234375 0.45859375 0.175 0.0765625
4 0.20859375 0.53515625 0.1734375 0.0890625
4 0.4140625 0.55078125 0.2015625 0.0921875
4 0.6421875 0.5625 0.1921875 0.0671875
4 0.825 0.57890625 0.1578125 0.0875
4 0.81953125 0.6578125 0.1421875 0.065625
4 0.6484375 0.64609375 0.19375 0.075
4 0.3921875 0.63046875 0.2171875 0.071875
4 0.1921875 0.61328125 0.18125 0.084375
4 0.19140625 0.68125 0.18125 0.06875
4 0.40234375 0.7046875 0.2140625 0.071875
4 0.64453125 0.7296875 0.1625 0.0640625
4 0.8046875 0.73828125 0.159375 0.075
4 0.81640625 0.8046875 0.1984375 0.0671875
4 0.61171875 0.7859375 0.2 0.0671875
4 0.19375 0.74609375 0.1703125 0.06875
4 0.39375 0.7671875 0.20625 0.0671875
4 0.19375 0.81015625 0.184375 0.0796875
4 0.396875 0.8265625 0.20625 0.06875
4 0.61484375 0.8328125 0.15 0.05625
4 0.7875 0.84921875 0.134375 0.053125
4 0.79453125 0.90625 0.1484375 0.0640625
4 0.61015625 0.89375 0.140625 0.059375
4 0.3921875 0.88125 0.2 0.0671875
4 0.17890625 0.859375 0.184375 0.0640625