4 0.8046875 0.86015625 0.203125 0.084375
4 0.60703125 0.8625 0.1734375 0.06875
4 0.3796875 0.8828125 0.1921875 0.08125
4 0.1875 0.9 0.16875 0.078125
4 0.1796875 0.8265625 0.1640625 0.046875
4 0.37890625 0.8078125 0.1921875 0.05
4 0.58984375 0.80390625 0.1921875 0.05625
4 0.79765625 0.7875 0.1890625 0.0578125
4 0.7921875 0.71796875 0.1984375 0.0703125
4 0.58515625 0.7265625 0.1765625 0.06875
4 0.37109375 0.740625 0.18125 0.053125
4 0.18046875 0.75703125 0.1375 0.0546875
4 0.16328125 0.67578125 0.1625 0.0546875
4 0.3578125 0.66953125 0.1890625 0.053125
4 0.584375 0.65546875 0.1828125 0.053125
4 0.79609375 0.6421875 0.1921875 0.0578125
4 0.7828125 0.57578125 0.1640625 0.05625
4 0.56953125 0.584375 0.1984375 0.059375
4 0.3578125 0.6046875 0.1921875 0.05625
4 0.16171875 0.61796875 0.1609375 0.059375
4 0.171875 0.540625 0.1546875 0.0515625
4 0.35078125 0.5234375 0.1765625 0.046875
4 0.5671875 0.51015625 0.2015625 0.046875
4 0.7796875 0.49765625 0.1703125 0.0625
4 0.7828125 0.41953125 0.1671875 0.075
4 0.5765625 0.43671875 0.196875 0.075
4 0.35 0.4609375 0.1890625 0.0515625
4 0.1671875 0.47265625 0.153125 0.075
4 0.159375 0.39375 0.140625 0.0546875
4 0.33046875 0.37890625 0.190625 0.0578125
4 0.58671875 0.35390625 0.2140625 0.0546875
4 0.7859375 0.33984375 0.1765625 0.0703125
4 0.7765625 0.27265625 0.178125 0.053125
4 0.5640625 0.2828125 0.2109375 0.0546875
4 0.321875 0.29609375 0.159375 0.0515625
4 0.16171875 0.3125 0.1546875 0.0609375
4 0.1390625 0.2484375 0.196875 0.05
4 0.34453125 0.23515625 0.2 0.05
4 0.7640625 0.209375 0.1671875 0.0546875
4 0.56328125 0.21953125 0.2046875 0.05
4 0.75390625 0.1453125 0.1796875 0.0640625
4 0.55078125 0.1609375 0.2046875 0.0515625
4 0.334375 0.1890625 0.15 0.04375
4 0.1609375 0.2 0.1328125 0.0421875
4 0.1453125 0.1453125 0.1453125 0.0515625
4 0.3296875 0.128125 0.1375 0.0484375
4 0.546875 0.10703125 0.1984375 0.05
4 0.7609375 0.09453125 0.1828125 0.0484375