4 0.2078125 0.1296875 0.2 0.07734375
4 0.40546875 0.13359375 0.171875 0.06328125
4 0.63359375 0.121875 0.18828125 0.07578125
4 0.8265625 0.1109375 0.16640625 0.07265625
4 0.83125 0.18515625 0.16171875 0.03984375
4 0.63203125 0.196875 0.19140625 0.04453125
4 0.42109375 0.19296875 0.19140625 0.04921875
4 0.2125 0.20234375 0.18828125 0.05078125
4 0.215625 0.271875 0.19609375 0.0640625
4 0.42265625 0.2703125 0.17578125 0.06171875
4 0.6375 0.2640625 0.18046875 0.04765625
4 0.828125 0.25390625 0.13515625 0.04921875
4 0.84296875 0.3359375 0.1609375 0.04765625
4 0.64765625 0.33515625 0.18828125 0.04609375
4 0.42109375 0.34140625 0.18125 0.04765625
4 0.209375 0.34765625 0.19140625 0.05078125
4 0.2203125 0.4140625 0.16171875 0.04921875
4 0.43359375 0.41328125 0.19609375 0.053125
4 0.64609375 0.4 0.18984375 0.05
4 0.8421875 0.39375 0.15859375 0.053125
4 0.8296875 0.47109375 0.15234375 0.046875
4 0.65 0.48203125 0.17421875 0.04140625
4 0.43359375 0.4875 0.19921875 0.04140625
4 0.2203125 0.49296875 0.16953125 0.05625
4 0.21484375 0.5703125 0.16640625 0.06796875
4 0.42109375 0.5609375 0.1953125 0.06953125
4 0.6484375 0.54453125 0.1875 0.0453125
4 0.83203125 0.5390625 0.15078125 0.0703125
4 0.83671875 0.61796875 0.13828125 0.04921875
4 0.66484375 0.6265625 0.1890625 0.0515625
4 0.40859375 0.64296875 0.2125 0.046875
4 0.20859375 0.65 0.17421875 0.0640625
4 0.215625 0.7171875 0.1765625 0.04609375
4 0.428125 0.71484375 0.20859375 0.046875
4 0.67109375 0.71015625 0.1578125 0.0453125
4 0.83125 0.69921875 0.15234375 0.05625
4 0.8515625 0.7640625 0.1953125 0.04296875
4 0.64609375 0.7703125 0.19765625 0.04453125
4 0.22578125 0.78125 0.165625 0.0484375
4 0.42734375 0.778125 0.203125 0.0421875
4 0.23359375 0.8453125 0.17734375 0.0578125
4 0.4375 0.83671875 0.20390625 0.04296875
4 0.6546875 0.81640625 0.14765625 0.0390625
4 0.828125 0.81171875 0.13125 0.0375
4 0.8421875 0.8671875 0.14296875 0.04609375
4 0.65703125 0.87734375 0.1359375 0.04375
4 0.4390625 0.89140625 0.196875 0.04375
4 0.225 0.89609375 0.18125 0.0421875