4 0.228125 0.12109375 0.18515625 0.075
4 0.4328125 0.11953125 0.1953125 0.0734375
4 0.65234375 0.1203125 0.1859375 0.0640625
4 0.84375 0.1078125 0.15390625 0.06328125
4 0.83515625 0.19296875 0.1375 0.0484375
4 0.64296875 0.196875 0.153125 0.05234375
4 0.43046875 0.19609375 0.16640625 0.053125
4 0.2296875 0.19921875 0.20078125 0.05703125
4 0.228125 0.27265625 0.2046875 0.053125
4 0.42890625 0.26640625 0.16015625 0.053125
4 0.64296875 0.25703125 0.1609375 0.0640625
4 0.82109375 0.25 0.14375 0.05703125
4 0.82734375 0.3140625 0.13359375 0.05703125
4 0.64375 0.31953125 0.14296875 0.0609375
4 0.4296875 0.325 0.1265625 0.04453125
4 0.23515625 0.32734375 0.21875 0.05859375
4 0.2375 0.3953125 0.2046875 0.0453125
4 0.24453125 0.453125 0.2046875 0.04921875
4 0.24140625 0.5375 0.2 0.05546875
4 0.42734375 0.53046875 0.15234375 0.06328125
4 0.4390625 0.45625 0.1625 0.0453125
4 0.43125 0.3984375 0.1203125 0.05078125
4 0.64296875 0.3921875 0.14140625 0.04921875
4 0.8296875 0.3859375 0.16875 0.04609375
4 0.821875 0.43984375 0.1296875 0.04921875
4 0.66328125 0.45078125 0.13984375 0.0453125
4 0.65 0.5140625 0.146875 0.06015625
4 0.8234375 0.50703125 0.1375 0.06640625
4 0.8203125 0.57421875 0.15703125 0.0625
4 0.65546875 0.58671875 0.16171875 0.0578125
4 0.446875 0.6015625 0.15703125 0.05234375
4 0.246875 0.603125 0.203125 0.05546875
4 0.25859375 0.6609375 0.1890625 0.059375
4 0.4609375 0.6609375 0.19296875 0.05625
4 0.66875 0.6453125 0.18828125 0.053125
4 0.85234375 0.63046875 0.1265625 0.05390625
4 0.85234375 0.7 0.14296875 0.06015625
4 0.67734375 0.70703125 0.16015625 0.04609375
4 0.4390625 0.7265625 0.19609375 0.06796875
4 0.23671875 0.7234375 0.19140625 0.04765625
4 0.246875 0.7859375 0.1765625 0.05234375
4 0.43828125 0.784375 0.18984375 0.03828125
4 0.65859375 0.7734375 0.1921875 0.0390625
4 0.828125 0.7625 0.12265625 0.05
4 0.8234375 0.8203125 0.14140625 0.046875
4 0.6484375 0.821875 0.14375 0.04609375
4 0.80859375 0.871875 0.146875 0.04609375
4 0.6375 0.8828125 0.1609375 0.0453125
4 0.4390625 0.88671875 0.1609375 0.04453125
4 0.446875 0.834375 0.1875 0.05234375
4 0.24140625 0.84296875 0.16953125 0.04609375
4 0.24296875 0.89765625 0.19140625 0.0453125