5 0.77734375 0.8984375 0.1640625 0.0734375
5 0.578125 0.8796875 0.165625 0.0875
5 0.39609375 0.865625 0.1125 0.0578125
5 0.26015625 0.86484375 0.1 0.06875
5 0.13359375 0.85546875 0.128125 0.0671875
5 0.140625 0.7828125 0.140625 0.0546875
5 0.275 0.7890625 0.121875 0.0609375
5 0.3984375 0.80078125 0.125 0.0578125
5 0.56953125 0.81015625 0.159375 0.059375
5 0.77421875 0.8203125 0.153125 0.071875
5 0.77421875 0.7375 0.1515625 0.0734375
5 0.59296875 0.73671875 0.171875 0.0703125
5 0.4046875 0.725 0.1234375 0.0765625
5 0.27421875 0.71640625 0.115625 0.0734375
5 0.140625 0.703125 0.1328125 0.08125
5 0.13671875 0.61640625 0.1234375 0.0828125
5 0.26953125 0.63828125 0.13125 0.06875
5 0.4125 0.6359375 0.1234375 0.075
5 0.5890625 0.65 0.1828125 0.075
5 0.7890625 0.66640625 0.20625 0.075
5 0.79375 0.58984375 0.1796875 0.0765625
5 0.58046875 0.57890625 0.165625 0.0578125
5 0.41953125 0.56953125 0.1375 0.065625
5 0.27265625 0.56484375 0.1359375 0.071875
5 0.13671875 0.55078125 0.121875 0.05625
5 0.14296875 0.48046875 0.1125 0.0578125
5 0.284375 0.4890625 0.1328125 0.06875
5 0.409375 0.496875 0.11875 0.0578125
5 0.60859375 0.509375 0.159375 0.0703125
5 0.8125 0.5171875 0.215625 0.0703125
5 0.79609375 0.43984375 0.1578125 0.065625
5 0.60859375 0.42734375 0.153125 0.0640625
5 0.4296875 0.40546875 0.1484375 0.06875
5 0.29765625 0.40390625 0.134375 0.059375
5 0.13359375 0.39296875 0.175 0.0609375
5 0.1578125 0.3234375 0.1359375 0.075
5 0.30390625 0.33203125 0.1609375 0.0640625
5 0.46796875 0.34375 0.140625 0.05625
5 0.6265625 0.35625 0.1578125 0.0578125
5 0.81640625 0.3640625 0.1640625 0.0765625
5 0.82265625 0.2890625 0.1734375 0.08125
5 0.6234375 0.27890625 0.18125 0.0765625
5 0.4546875 0.26328125 0.1421875 0.0578125
5 0.31328125 0.26328125 0.121875 0.0640625
5 0.16015625 0.2515625 0.140625 0.078125
5 0.171875 0.16953125 0.146875 0.0796875
5 0.31640625 0.1859375 0.128125 0.0765625
5 0.47421875 0.1921875 0.125 0.0609375
5 0.64921875 0.1984375 0.1640625 0.0734375
5 0.83203125 0.2140625 0.153125 0.0703125