5 0.17890625 0.13671875 0.1578125 0.090625
5 0.38515625 0.14296875 0.14609375 0.0671875
5 0.553125 0.13515625 0.11875 0.071875
5 0.696875 0.134375 0.1 0.0671875
5 0.84375 0.1375 0.12265625 0.053125
5 0.83671875 0.2203125 0.1359375 0.059375
5 0.6796875 0.221875 0.115625 0.0546875
5 0.534375 0.23125 0.146875 0.05546875
5 0.378125 0.2296875 0.14296875 0.06015625
5 0.18984375 0.23046875 0.1453125 0.06328125
5 0.17265625 0.31953125 0.16484375 0.0640625
5 0.3609375 0.31171875 0.14609375 0.059375
5 0.5265625 0.30546875 0.1390625 0.06015625
5 0.6796875 0.29921875 0.1234375 0.05234375
5 0.83671875 0.29765625 0.13203125 0.059375
5 0.8140625 0.39140625 0.1421875 0.06328125
5 0.65859375 0.39453125 0.13984375 0.0515625
5 0.50703125 0.39609375 0.14296875 0.0515625
5 0.35859375 0.39609375 0.14921875 0.04609375
5 0.16796875 0.4 0.15859375 0.05625
5 0.18125 0.46953125 0.1546875 0.06171875
5 0.36640625 0.46796875 0.171875 0.065625
5 0.52578125 0.46953125 0.13203125 0.059375
5 0.68359375 0.4640625 0.1359375 0.05859375
5 0.82890625 0.46484375 0.128125 0.06640625
5 0.8390625 0.5421875 0.13828125 0.05078125
5 0.6875 0.53828125 0.13203125 0.0578125
5 0.52734375 0.54765625 0.16484375 0.0609375
5 0.35625 0.55 0.16015625 0.0625
5 0.17578125 0.54921875 0.1703125 0.0546875
5 0.15234375 0.62109375 0.1640625 0.0578125
5 0.34296875 0.62109375 0.16796875 0.0609375
5 0.5296875 0.61796875 0.14765625 0.04375
5 0.69609375 0.61796875 0.1375 0.06328125
5 0.8421875 0.609375 0.13515625 0.0734375
5 0.84609375 0.6890625 0.1546875 0.06015625
5 0.6890625 0.68828125 0.15078125 0.06015625
5 0.52890625 0.69140625 0.1640625 0.0640625
5 0.36328125 0.69375 0.1421875 0.04765625
5 0.196875 0.7 0.1578125 0.06328125
5 0.17734375 0.77421875 0.18203125 0.05859375
5 0.3515625 0.76796875 0.13828125 0.0578125
5 0.53125 0.76875 0.14375 0.06015625
5 0.6859375 0.759375 0.1296875 0.053125
5 0.84765625 0.76328125 0.1421875 0.0671875
5 0.85859375 0.84375 0.16484375 0.05703125
5 0.69765625 0.8421875 0.11640625 0.05
5 0.5453125 0.84609375 0.15 0.059375
5 0.375 0.8453125 0.14609375 0.05703125
5 0.1734375 0.84765625 0.2140625 0.07109375