5 0.121875 0.8046875 0.0625 0.159375
5 0.1265625 0.6046875 0.0765625 0.1609375
5 0.128125 0.421875 0.05 0.109375
5 0.11953125 0.2859375 0.0625 0.0953125
5 0.11953125 0.159375 0.059375 0.125
5 0.19296875 0.1609375 0.0453125 0.1375
5 0.19609375 0.2953125 0.053125 0.11875
5 0.19296875 0.41953125 0.05 0.121875
5 0.1953125 0.590625 0.0484375 0.15625
5 0.19921875 0.79609375 0.059375 0.15
5 0.28203125 0.78984375 0.0625 0.146875
5 0.2703125 0.609375 0.059375 0.16875
5 0.26875 0.4203125 0.06875 0.11875
5 0.26875 0.28984375 0.065625 0.1109375
5 0.27265625 0.15546875 0.071875 0.128125
5 0.35859375 0.14609375 0.075 0.11875
5 0.34609375 0.2796875 0.059375 0.128125
5 0.35859375 0.421875 0.0671875 0.11875
5 0.35625 0.59921875 0.0625 0.178125
5 0.35390625 0.8 0.059375 0.203125
5 0.43046875 0.79921875 0.0640625 0.175
5 0.4265625 0.5859375 0.046875 0.1625
5 0.425 0.42421875 0.05625 0.134375
5 0.41953125 0.27734375 0.0625 0.13125
5 0.42421875 0.14140625 0.0484375 0.11875
5 0.49453125 0.1421875 0.05 0.109375
5 0.49609375 0.284375 0.059375 0.1296875
5 0.496875 0.409375 0.05 0.115625
5 0.4984375 0.60859375 0.059375 0.15625
5 0.5046875 0.81328125 0.05625 0.2125
5 0.58046875 0.79140625 0.0546875 0.1546875
5 0.5796875 0.603125 0.053125 0.15
5 0.5890625 0.4234375 0.059375 0.1453125
5 0.58203125 0.29140625 0.05 0.13125
5 0.58125 0.12734375 0.0484375 0.171875
5 0.65234375 0.14609375 0.065625 0.13125
5 0.65390625 0.29296875 0.053125 0.1578125
5 0.65390625 0.45703125 0.046875 0.1375
5 0.65234375 0.61640625 0.046875 0.1546875
5 0.6578125 0.80625 0.065625 0.159375
5 0.7328125 0.80703125 0.0703125 0.16875
5 0.72890625 0.6078125 0.0640625 0.1765625
5 0.7328125 0.43828125 0.0484375 0.1390625
5 0.7234375 0.296875 0.05625 0.11875
5 0.72421875 0.14375 0.06875 0.1359375
5 0.80703125 0.14921875 0.0703125 0.1421875
5 0.80078125 0.2953125 0.06875 0.1234375
5 0.80546875 0.453125 0.053125 0.121875
5 0.8109375 0.628125 0.0625 0.159375
5 0.80859375 0.8109375 0.059375 0.15