5 0.86328125 0.82109375 0.1671875 0.109375
5 0.6578125 0.840625 0.1546875 0.084375
5 0.49140625 0.86875 0.1265625 0.0859375
5 0.34921875 0.88671875 0.1078125 0.078125
5 0.203125 0.9015625 0.128125 0.0671875
5 0.2 0.81875 0.1421875 0.075
5 0.35546875 0.79765625 0.121875 0.06875
5 0.4984375 0.77109375 0.153125 0.0734375
5 0.65390625 0.753125 0.15 0.0765625
5 0.840625 0.7296875 0.1515625 0.08125
5 0.846875 0.6390625 0.171875 0.084375
5 0.6609375 0.6703125 0.153125 0.0765625
5 0.49765625 0.69609375 0.1453125 0.0765625
5 0.34609375 0.72109375 0.1296875 0.0671875
5 0.190625 0.7421875 0.1390625 0.075
5 0.2015625 0.64609375 0.1484375 0.08125
5 0.35546875 0.62421875 0.1453125 0.06875
5 0.50546875 0.60390625 0.1484375 0.06875
5 0.653125 0.5859375 0.1546875 0.0640625
5 0.84140625 0.55859375 0.165625 0.075
5 0.8203125 0.49140625 0.1609375 0.08125
5 0.63671875 0.515625 0.178125 0.0859375
5 0.478125 0.53359375 0.1375 0.075
5 0.321875 0.5578125 0.1421875 0.075
5 0.178125 0.575 0.1359375 0.0828125
5 0.15859375 0.49921875 0.1421875 0.0671875
5 0.309375 0.48515625 0.1375 0.0734375
5 0.4671875 0.45625 0.171875 0.08125
5 0.63671875 0.4328125 0.165625 0.08125
5 0.815625 0.41171875 0.175 0.075
5 0.83046875 0.3375 0.1703125 0.078125
5 0.64140625 0.3609375 0.175 0.08125
5 0.45625 0.38671875 0.1515625 0.0609375
5 0.290625 0.40703125 0.14375 0.078125
5 0.146875 0.4328125 0.14375 0.0890625
5 0.13359375 0.3546875 0.1609375 0.0796875
5 0.2890625 0.3359375 0.1578125 0.078125
5 0.44765625 0.31328125 0.1703125 0.0828125
5 0.61171875 0.29140625 0.146875 0.0640625
5 0.7765625 0.26484375 0.1640625 0.0828125
5 0.78671875 0.18828125 0.1875 0.08125
5 0.61484375 0.215625 0.14375 0.0734375
5 0.4359375 0.23671875 0.15 0.0765625
5 0.28359375 0.26484375 0.1359375 0.06875
5 0.12265625 0.28125 0.15 0.084375
5 0.10234375 0.20234375 0.171875 0.078125
5 0.2625 0.184375 0.1203125 0.0640625
5 0.4125 0.16171875 0.15625 0.0765625
5 0.58203125 0.1421875 0.153125 0.0734375
5 0.78203125 0.11484375 0.221875 0.096875