5 0.1953125 0.121875 0.15859375 0.06171875
5 0.3953125 0.1265625 0.16015625 0.0765625
5 0.578125 0.128125 0.10859375 0.05
5 0.7140625 0.11953125 0.0953125 0.06171875
5 0.840625 0.11953125 0.12421875 0.06015625
5 0.8390625 0.19296875 0.1375 0.0453125
5 0.7046875 0.19609375 0.11953125 0.053125
5 0.58046875 0.19296875 0.121875 0.05
5 0.409375 0.1953125 0.15625 0.0484375
5 0.20390625 0.19921875 0.14921875 0.06015625
5 0.21015625 0.28203125 0.14609375 0.06328125
5 0.390625 0.2703125 0.16953125 0.05859375
5 0.5796875 0.26875 0.11953125 0.06953125
5 0.71015625 0.26875 0.1109375 0.06640625
5 0.84453125 0.27265625 0.128125 0.071875
5 0.85390625 0.35859375 0.11953125 0.075
5 0.7203125 0.34609375 0.12734375 0.059375
5 0.578125 0.35859375 0.11796875 0.0671875
5 0.40078125 0.35625 0.17734375 0.06171875
5 0.2 0.35390625 0.20390625 0.06015625
5 0.20078125 0.43046875 0.17421875 0.0640625
5 0.4140625 0.4265625 0.16171875 0.046875
5 0.57578125 0.425 0.13515625 0.05546875
5 0.72265625 0.41953125 0.13125 0.06328125
5 0.85859375 0.42421875 0.11796875 0.0484375
5 0.8578125 0.49453125 0.11015625 0.05
5 0.715625 0.49609375 0.1296875 0.059375
5 0.590625 0.496875 0.11484375 0.05
5 0.39140625 0.4984375 0.15625 0.05859375
5 0.18671875 0.5046875 0.2125 0.05625
5 0.20859375 0.58046875 0.1546875 0.0546875
5 0.396875 0.5796875 0.15 0.05390625
5 0.5765625 0.5890625 0.1453125 0.06015625
5 0.70859375 0.58203125 0.13125 0.04921875
5 0.87265625 0.58125 0.17265625 0.0484375
5 0.85390625 0.65234375 0.13125 0.06484375
5 0.70703125 0.65390625 0.1578125 0.053125
5 0.54296875 0.65390625 0.1375 0.04609375
5 0.38359375 0.65234375 0.1546875 0.04609375
5 0.19375 0.6578125 0.16015625 0.06484375
5 0.19296875 0.7328125 0.16953125 0.0703125
5 0.3921875 0.72890625 0.1765625 0.0640625
5 0.56171875 0.7328125 0.1390625 0.0484375
5 0.703125 0.7234375 0.11953125 0.05546875
5 0.85625 0.72421875 0.1359375 0.06875
5 0.85078125 0.80703125 0.1421875 0.0703125
5 0.7046875 0.80078125 0.1234375 0.06953125
5 0.546875 0.80546875 0.121875 0.05234375
5 0.371875 0.8109375 0.15859375 0.06328125
5 0.1890625 0.80859375 0.15078125 0.05859375