5 0.16640625 0.1484375 0.1609375 0.0953125
5 0.37265625 0.146875 0.1484375 0.071875
5 0.540625 0.13359375 0.121875 0.0765625
5 0.684375 0.12734375 0.1015625 0.0703125
5 0.83125 0.12578125 0.1234375 0.0578125
5 0.8265625 0.20859375 0.1375 0.0640625
5 0.66953125 0.215625 0.1171875 0.059375
5 0.525 0.23046875 0.1484375 0.0609375
5 0.36875 0.234375 0.1453125 0.0640625
5 0.18046875 0.24140625 0.146875 0.0671875
5 0.16640625 0.33125 0.1671875 0.0703125
5 0.3546875 0.31640625 0.1484375 0.0640625
5 0.51953125 0.3046875 0.140625 0.0640625
5 0.67265625 0.29296875 0.125 0.0578125
5 0.8296875 0.2859375 0.1328125 0.0640625
5 0.81015625 0.38046875 0.14375 0.0671875
5 0.6546875 0.3890625 0.1421875 0.05625
5 0.503125 0.39609375 0.1453125 0.05625
5 0.3546875 0.40078125 0.1515625 0.0515625
5 0.16484375 0.41171875 0.1609375 0.0625
5 0.18046875 0.48046875 0.15625 0.0671875
5 0.365625 0.47265625 0.1734375 0.071875
5 0.525 0.46875 0.1328125 0.0640625
5 0.68203125 0.4578125 0.1375 0.0640625
5 0.82734375 0.453125 0.1296875 0.0703125
5 0.840625 0.53046875 0.1390625 0.0546875
5 0.6890625 0.53203125 0.1328125 0.0625
5 0.52890625 0.546875 0.1671875 0.0671875
5 0.3578125 0.5546875 0.1609375 0.06875
5 0.17734375 0.56015625 0.171875 0.0609375
5 0.15703125 0.6328125 0.165625 0.0640625
5 0.34765625 0.6265625 0.1703125 0.0671875
5 0.53359375 0.6171875 0.1484375 0.0484375
5 0.7 0.6109375 0.1390625 0.0671875
5 0.84609375 0.59765625 0.1375 0.078125
5 0.85234375 0.6765625 0.15625 0.0640625
5 0.6953125 0.68125 0.1515625 0.0640625
5 0.5359375 0.690625 0.165625 0.0703125
5 0.3703125 0.6984375 0.14375 0.0515625
5 0.20390625 0.71015625 0.159375 0.06875
5 0.1875 0.78515625 0.1828125 0.065625
5 0.3609375 0.77265625 0.1390625 0.0625
5 0.540625 0.7671875 0.1453125 0.0640625
5 0.69453125 0.75234375 0.13125 0.0578125
5 0.85625 0.75078125 0.14375 0.071875
5 0.8703125 0.83125 0.1671875 0.0625
5 0.709375 0.83515625 0.1171875 0.0546875
5 0.55703125 0.84453125 0.1515625 0.0640625
5 0.3875 0.84921875 0.1484375 0.0609375
5 0.1859375 0.85859375 0.2171875 0.0796875