2 0.12734375 0.103125 0.08046875 0.10234375
2 0.2984375 0.1046875 0.125 0.08984375
2 0.4375 0.08671875 0.1046875 0.0921875
2 0.60234375 0.07734375 0.1 0.1265625
2 0.790625 0.07890625 0.10703125 0.0609375
2 0.70546875 0.1953125 0.10703125 0.07109375
2 0.55546875 0.1953125 0.0859375 0.0875
2 0.42890625 0.22109375 0.06875 0.08359375
2 0.29296875 0.2265625 0.09140625 0.09140625
2 0.1578125 0.22421875 0.075 0.0828125
2 0.16875 0.32890625 0.15078125 0.0796875
2 0.30703125 0.31875 0.075 0.07890625
2 0.4421875 0.3078125 0.09140625 0.10625
2 0.56015625 0.31171875 0.059375 0.09375
2 0.72109375 0.30078125 0.1640625 0.06796875
2 0.84140625 0.42109375 0.12734375 0.05703125
2 0.6796875 0.4125 0.125 0.1125
2 0.51484375 0.42421875 0.13359375 0.0734375
2 0.34296875 0.4296875 0.09765625 0.09453125
2 0.17421875 0.44453125 0.090625 0.10703125
2 0.14453125 0.54296875 0.084375 0.0796875
2 0.26875 0.5421875 0.11484375 0.078125
2 0.43203125 0.53125 0.11015625 0.07421875
2 0.5890625 0.51015625 0.0859375 0.08671875
2 0.71953125 0.5171875 0.10234375 0.0640625
2 0.7234375 0.6203125 0.07890625 0.11484375
2 0.590625 0.6328125 0.08046875 0.10859375
2 0.43984375 0.63828125 0.0859375 0.1
2 0.26328125 0.61875 0.12109375 0.0640625
2 0.13828125 0.64375 0.07109375 0.078125
2 0.1484375 0.73125 0.12265625 0.05390625
2 0.35546875 0.72421875 0.13125 0.053125
2 0.5171875 0.72421875 0.125 0.05390625
2 0.65546875 0.715625 0.11171875 0.05703125
2 0.83359375 0.71484375 0.09921875 0.05546875
2 0.73046875 0.79296875 0.13671875 0.05390625
2 0.85703125 0.8890625 0.06484375 0.1015625
2 0.69921875 0.8796875 0.1234375 0.04765625
2 0.553125 0.79765625 0.0546875 0.084375
2 0.55234375 0.890625 0.05703125 0.06640625
2 0.41484375 0.8984375 0.1171875 0.06484375
2 0.44296875 0.8046875 0.0703125 0.08203125
2 0.315625 0.80859375 0.06875 0.08125
2 0.175 0.815625 0.08671875 0.07734375
2 0.26484375 0.909375 0.090625 0.0953125