2 0.134375 0.1109375 0.09921875 0.13515625
2 0.2828125 0.1125 0.125 0.08671875
2 0.5 0.0953125 0.10390625 0.08125
2 0.765625 0.09609375 0.09140625 0.109375
2 0.8828125 0.12734375 0.090625 0.07109375
2 0.78671875 0.23359375 0.07890625 0.0984375
2 0.59140625 0.2015625 0.0828125 0.12421875
2 0.409375 0.21875 0.07890625 0.12109375
2 0.28046875 0.20859375 0.07578125 0.09140625
2 0.14140625 0.25390625 0.13125 0.06015625
2 0.12734375 0.3328125 0.13671875 0.06796875
2 0.28984375 0.30703125 0.0859375 0.09375
2 0.50234375 0.303125 0.06875 0.11328125
2 0.68125 0.296875 0.065625 0.09140625
2 0.896875 0.29140625 0.11328125 0.06640625
2 0.92578125 0.4015625 0.0828125 0.13515625
2 0.7890625 0.39375 0.07109375 0.0921875
2 0.60859375 0.403125 0.06796875 0.1078125
2 0.3890625 0.40625 0.0734375 0.103125
2 0.140625 0.41640625 0.1203125 0.06796875
2 0.1953125 0.52265625 0.1359375 0.084375
2 0.40625 0.51171875 0.078125 0.09296875
2 0.565625 0.51640625 0.096875 0.10703125
2 0.71796875 0.50390625 0.08125 0.0984375
2 0.8703125 0.50546875 0.15390625 0.06484375
2 0.8046875 0.6109375 0.0671875 0.1
2 0.6921875 0.61875 0.0546875 0.1
2 0.51953125 0.628125 0.15703125 0.05390625
2 0.3640625 0.63828125 0.10390625 0.0984375
2 0.1859375 0.6484375 0.1 0.1125
2 0.17734375 0.7640625 0.11953125 0.06796875
2 0.30703125 0.75 0.1015625 0.08203125
2 0.49375 0.73828125 0.09140625 0.0859375
2 0.61875 0.72265625 0.065625 0.09140625
2 0.7484375 0.73984375 0.0890625 0.10859375
2 0.80078125 0.84609375 0.1125 0.06953125
2 0.61328125 0.83671875 0.09921875 0.08828125
2 0.48125 0.84296875 0.115625 0.04765625
2 0.33671875 0.859375 0.11171875 0.12109375
2 0.15625 0.875 0.125 0.1078125
2 0.20859375 0.9640625 0.15703125 0.04921875
2 0.37734375 0.9515625 0.14921875 0.05
2 0.54296875 0.95 0.096875 0.05390625
2 0.675 0.92734375 0.08046875 0.09453125
2 0.8453125 0.93046875 0.15703125 0.06015625