5 0.109375 0.07578125 0.1578125 0.065625
5 0.30078125 0.06796875 0.0984375 0.071875
5 0.496875 0.06171875 0.12421875 0.07109375
5 0.68046875 0.06484375 0.1140625 0.07109375
5 0.86796875 0.1265625 0.09609375 0.06015625
5 0.87421875 0.05546875 0.11171875 0.06796875
5 0.665625 0.13828125 0.1046875 0.053125
5 0.48515625 0.1390625 0.1 0.04609375
5 0.28984375 0.1515625 0.1296875 0.0515625
5 0.0984375 0.16328125 0.15234375 0.06796875
5 0.07890625 0.23984375 0.13984375 0.05859375
5 0.2671875 0.228125 0.103125 0.04375
5 0.47578125 0.21875 0.11484375 0.06015625
5 0.66796875 0.20234375 0.109375 0.0671875
5 0.86640625 0.20078125 0.10625 0.0625
5 0.6703125 0.30625 0.07890625 0.0875
5 0.52265625 0.303125 0.0875 0.0859375
5 0.37265625 0.325 0.053125 0.08046875
5 0.21875 0.33125 0.07421875 0.10234375
5 0.0765625 0.33203125 0.08359375 0.090625
5 0.89140625 0.3 0.15390625 0.065625
5 0.89375 0.40234375 0.13203125 0.06015625
5 0.75078125 0.4140625 0.0578125 0.078125
5 0.759375 0.52109375 0.05546875 0.09140625
5 0.5921875 0.42578125 0.0515625 0.0546875
5 0.4453125 0.43671875 0.0484375 0.0796875
5 0.30234375 0.44609375 0.08359375 0.0765625
5 0.15 0.4609375 0.04765625 0.0640625
5 0.065625 0.5734375 0.07265625 0.075
5 0.215625 0.55546875 0.08828125 0.0640625
5 0.38046875 0.53203125 0.053125 0.07421875
5 0.6 0.51953125 0.0515625 0.06953125
5 0.884375 0.49140625 0.153125 0.06015625
5 0.90546875 0.565625 0.12421875 0.05390625
5 0.90234375 0.63125 0.13671875 0.05546875
5 0.65390625 0.625 0.0765625 0.075
5 0.52578125 0.63828125 0.0421875 0.0734375
5 0.384375 0.64453125 0.05078125 0.07421875
5 0.24140625 0.66640625 0.0984375 0.065625
5 0.12265625 0.68125 0.07578125 0.09609375
5 0.17578125 0.78046875 0.04609375 0.078125
5 0.29375 0.765625 0.06640625 0.0796875
5 0.434375 0.7546875 0.0578125 0.0765625
5 0.58203125 0.74296875 0.071875 0.1
5 0.6984375 0.7359375 0.06484375 0.078125
5 0.85234375 0.7375 0.07109375 0.1
5 0.80703125 0.84453125 0.103125 0.05703125
5 0.603125 0.86015625 0.1140625 0.05703125
5 0.41171875 0.86875 0.12109375 0.06171875
5 0.184375 0.88671875 0.1546875 0.0625