0 0.83125 0.92578125 0.115625 0.0765625
0 0.6640625 0.91484375 0.0890625 0.0984375
0 0.5203125 0.90859375 0.08125 0.0828125
0 0.35546875 0.9046875 0.1015625 0.084375
0 0.20859375 0.90078125 0.096875 0.1
0 0.0828125 0.88671875 0.0890625 0.0859375
0 0.08359375 0.79453125 0.1203125 0.096875
0 0.2140625 0.803125 0.115625 0.0796875
0 0.3890625 0.80625 0.08125 0.0875
0 0.5671875 0.81328125 0.065625 0.0765625
0 0.6859375 0.81640625 0.075 0.0921875
0 0.83203125 0.8328125 0.090625 0.0828125
0 0.81875 0.7375 0.08125 0.0953125
0 0.63515625 0.72109375 0.090625 0.0796875
0 0.44765625 0.72265625 0.1015625 0.1125
0 0.2953125 0.709375 0.1109375 0.096875
0 0.11796875 0.69453125 0.1046875 0.0921875
0 0.14296875 0.59765625 0.0984375 0.096875
0 0.28359375 0.6140625 0.090625 0.0859375
0 0.4234375 0.6234375 0.05625 0.0609375
0 0.5640625 0.62734375 0.1046875 0.084375
0 0.73359375 0.62421875 0.096875 0.078125
0 0.846875 0.62890625 0.0828125 0.0625
0 0.84765625 0.5359375 0.10625 0.0984375
0 0.7140625 0.5296875 0.090625 0.0828125
0 0.5671875 0.5140625 0.0890625 0.08125
0 0.40390625 0.52734375 0.1203125 0.0859375
0 0.26875 0.51328125 0.109375 0.0765625
0 0.12421875 0.4984375 0.1015625 0.0921875
0 0.13046875 0.415625 0.0875 0.0765625
0 0.2734375 0.41953125 0.109375 0.0765625
0 0.41484375 0.425 0.09375 0.06875
0 0.56953125 0.4328125 0.1265625 0.06875
0 0.71953125 0.428125 0.0984375 0.0765625
0 0.875 0.4359375 0.11875 0.071875
0 0.88046875 0.34765625 0.109375 0.0859375
0 0.74296875 0.3421875 0.0671875 0.0546875
0 0.85078125 0.26328125 0.08125 0.078125
0 0.7265625 0.26171875 0.075 0.071875
0 0.7484375 0.16328125 0.103125 0.0859375
0 0.61796875 0.34921875 0.0921875 0.0828125
0 0.59765625 0.26171875 0.1 0.0703125
0 0.46015625 0.34375 0.075 0.0609375
0 0.47265625 0.2578125 0.1 0.08125
0 0.31953125 0.3390625 0.075 0.065625
0 0.20390625 0.34453125 0.0875 0.0734375
0 0.20703125 0.2546875 0.1015625 0.0734375
0 0.346875 0.26484375 0.0921875 0.0796875
0 0.3484375 0.15703125 0.1296875 0.0984375
0 0.28515625 0.059375 0.1234375 0.0953125
0 0.184375 0.16171875 0.1125 0.1125
0 0.534375 0.1625 0.128125 0.096875
0 0.49765625 0.065625 0.1265625 0.0828125