1 0.11484375 0.10078125 0.1546875 0.1015625
1 0.29921875 0.071875 0.1703125 0.0984375
1 0.4890625 0.065625 0.1359375 0.071875
1 0.69921875 0.0484375 0.134375 0.0625
1 0.8625 0.03359375 0.128125 0.059375
1 0.8515625 0.1078125 0.175 0.059375
1 0.67109375 0.1203125 0.184375 0.08125
1 0.50078125 0.14140625 0.125 0.065625
1 0.35078125 0.1578125 0.115625 0.0640625
1 0.1453125 0.1703125 0.175 0.0625
1 0.2984375 0.21171875 0.1046875 0.0546875
1 0.4375 0.2109375 0.1515625 0.0640625
1 0.125 0.23046875 0.159375 0.0703125
1 0.11171875 0.31015625 0.128125 0.0640625
1 0.2765625 0.29375 0.1203125 0.053125
1 0.43203125 0.265625 0.128125 0.0546875
1 0.6078125 0.1953125 0.1328125 0.046875
1 0.821875 0.18046875 0.184375 0.059375
1 0.80546875 0.23828125 0.18125 0.046875
1 0.61328125 0.246875 0.1359375 0.053125
1 0.61875 0.3421875 0.1171875 0.046875
1 0.83125 0.321875 0.13125 0.059375
1 0.0984375 0.3828125 0.121875 0.06875
1 0.28203125 0.37421875 0.1328125 0.0625
1 0.4359375 0.3546875 0.1234375 0.053125
1 0.45859375 0.434375 0.11875 0.059375
1 0.6546875 0.41328125 0.165625 0.0609375
1 0.8328125 0.3984375 0.1609375 0.0546875
1 0.1 0.46171875 0.14375 0.0609375
1 0.30234375 0.4515625 0.1546875 0.0515625
1 0.1078125 0.54609375 0.1359375 0.046875
1 0.2734375 0.53828125 0.0953125 0.04375
1 0.46484375 0.515625 0.1546875 0.0515625
1 0.646875 0.50234375 0.121875 0.05625
1 0.83359375 0.4921875 0.1359375 0.059375
1 0.9 0.5765625 0.16875 0.0703125
1 0.696875 0.590625 0.165625 0.059375
1 0.52109375 0.6015625 0.159375 0.0609375
1 0.321875 0.6046875 0.14375 0.0609375
1 0.11484375 0.61953125 0.1640625 0.0734375