0 0.12578125 0.1109375 0.109375 0.06640625
0 0.29375 0.1046875 0.07890625 0.08984375
0 0.4375 0.09609375 0.0734375 0.075
0 0.6015625 0.08203125 0.09375 0.075
0 0.74765625 0.07109375 0.08671875 0.090625
0 0.87421875 0.071875 0.08125 0.078125
0 0.88359375 0.16328125 0.11328125 0.0859375
0 0.75234375 0.16875 0.109375 0.06875
0 0.578125 0.18359375 0.0734375 0.0796875
0 0.40078125 0.1953125 0.0578125 0.0703125
0 0.28203125 0.2046875 0.065625 0.0859375
0 0.13515625 0.20390625 0.0828125 0.07421875
0 0.1578125 0.296875 0.07109375 0.0875
0 0.3421875 0.29453125 0.0828125 0.07265625
0 0.52890625 0.2734375 0.09140625 0.10234375
0 0.68203125 0.2703125 0.10234375 0.0859375
0 0.859375 0.26640625 0.096875 0.08203125
0 0.84453125 0.365625 0.0890625 0.0875
0 0.703125 0.3640625 0.0828125 0.078125
0 0.56328125 0.36953125 0.05 0.05625
0 0.42265625 0.38046875 0.096875 0.075
0 0.2546875 0.40078125 0.090625 0.06796875
0 0.14140625 0.4078125 0.078125 0.05390625
0 0.15078125 0.50078125 0.096875 0.08828125
0 0.284375 0.49296875 0.0828125 0.07421875
0 0.43203125 0.49296875 0.08046875 0.0734375
0 0.59296875 0.4625 0.1125 0.07421875
0 0.72890625 0.4625 0.10390625 0.065625
0 0.87421875 0.4625 0.09453125 0.08203125
0 0.8765625 0.5453125 0.08125 0.06796875
0 0.73359375 0.55625 0.10390625 0.06640625
0 0.5921875 0.565625 0.08828125 0.06015625
0 0.4375 0.57421875 0.12265625 0.05703125
0 0.2890625 0.59453125 0.0921875 0.0671875
0 0.13359375 0.603125 0.11328125 0.06015625
0 0.1375 0.69140625 0.1015625 0.07421875
0 0.275 0.68203125 0.06328125 0.0484375
0 0.17578125 0.771875 0.07578125 0.0703125
0 0.3 0.7609375 0.06875 0.06484375
0 0.28828125 0.8609375 0.09453125 0.0765625
0 0.3984375 0.6625 0.08359375 0.075
0 0.428125 0.746875 0.09375 0.0609375
0 0.55625 0.6515625 0.0703125 0.05234375
0 0.55234375 0.73828125 0.09375 0.07265625
0 0.69609375 0.64140625 0.06875 0.06015625
0 0.8109375 0.6234375 0.08046875 0.065625
0 0.8171875 0.71328125 0.09453125 0.0640625
0 0.6765625 0.71796875 0.08359375 0.07265625
0 0.68671875 0.825 0.12109375 0.0859375
0 0.759375 0.915625 0.11484375 0.08515625
0 0.84921875 0.803125 0.10390625 0.1015625
0 0.50078125 0.8390625 0.11953125 0.08359375
0 0.54765625 0.93203125 0.12109375 0.0703125