3 0.13515625 0.8515625 0.1328125 0.296875
3 0.0859375 0.5125 0.125 0.25
3 0.05 0.24609375 0.1 0.2390625
3 0.146875 0.18046875 0.1359375 0.2875
3 0.21328125 0.52734375 0.1328125 0.265625
3 0.271875 0.840625 0.1359375 0.3
3 0.375 0.71015625 0.140625 0.4109375
3 0.2890625 0.334375 0.1359375 0.296875
3 0.33125 0.10234375 0.18125 0.15
3 0.3875 0.3140625 0.1140625 0.2734375
3 0.5046875 0.75234375 0.1 0.29375
3 0.47109375 0.3484375 0.109375 0.259375
3 0.52421875 0.23359375 0.090625 0.2234375
3 0.575 0.503125 0.0890625 0.1953125
3 0.61171875 0.76484375 0.1078125 0.2171875
3 0.70625 0.71484375 0.0953125 0.2109375
3 0.6609375 0.3640625 0.0921875 0.2390625
3 0.5890625 0.07421875 0.134375 0.13125
3 0.79921875 0.05078125 0.1640625 0.1015625
3 0.89921875 0.1375 0.140625 0.134375
3 0.83984375 0.25859375 0.1453125 0.1375
3 0.85625 0.4609375 0.109375 0.2171875
3 0.7171875 0.20234375 0.0890625 0.2109375
3 0.76640625 0.47578125 0.0890625 0.240625
3 0.825 0.7546875 0.103125 0.2421875
3 0.9234375 0.73828125 0.103125 0.240625