4 0.20390625 0.06875 0.1890625 0.1046875
4 0.43828125 0.07109375 0.21875 0.0984375
4 0.74296875 0.0671875 0.21875 0.0890625
4 0.8328125 0.15390625 0.275 0.10625
4 0.540625 0.16796875 0.2234375 0.090625
4 0.2265625 0.17578125 0.2296875 0.0875
4 0.16640625 0.2640625 0.121875 0.08125
4 0.46875 0.25546875 0.3015625 0.0828125
4 0.8171875 0.26640625 0.259375 0.0875
4 0.825 0.34609375 0.253125 0.0734375
4 0.4984375 0.34375 0.25625 0.0921875
4 0.22265625 0.35234375 0.2125 0.0828125
4 0.221875 0.44140625 0.2125 0.0765625
4 0.4984375 0.428125 0.25625 0.08125
4 0.828125 0.44453125 0.2640625 0.08125
4 0.84453125 0.5296875 0.29375 0.078125
4 0.51171875 0.525 0.1828125 0.084375
4 0.246875 0.52890625 0.2796875 0.075
4 0.234375 0.6015625 0.284375 0.06875
4 0.5234375 0.60234375 0.221875 0.06875
4 0.8328125 0.61171875 0.2734375 0.078125
4 0.859375 0.68671875 0.2640625 0.0796875
4 0.5515625 0.6921875 0.2515625 0.078125
4 0.20390625 0.67421875 0.2984375 0.0796875
4 0.221875 0.76328125 0.3328125 0.0765625
4 0.52890625 0.75703125 0.2015625 0.0609375
4 0.853125 0.77265625 0.246875 0.071875
4 0.79296875 0.83828125 0.284375 0.075
4 0.4796875 0.82890625 0.2265625 0.0609375
4 0.17265625 0.84140625 0.21875 0.0640625
4 0.1875 0.9140625 0.2078125 0.0609375
4 0.45625 0.90234375 0.253125 0.08125
4 0.78125 0.90390625 0.2890625 0.071875