0 0.89140625 0.04453125 0.0703125 0.0890625
0 0.9171875 0.1734375 0.078125 0.084375
0 0.94453125 0.3359375 0.090625 0.0796875
0 0.96484375 0.54140625 0.0703125 0.0703125
0 0.9734375 0.66328125 0.053125 0.0984375
0 0.9765625 0.7734375 0.046875 0.071875
0 0.9484375 0.884375 0.09375 0.078125
0 0.9046875 0.7765625 0.084375 0.0875
0 0.890625 0.571875 0.071875 0.0796875
0 0.8703125 0.43515625 0.0796875 0.08125
0 0.8328125 0.2484375 0.08125 0.084375
0 0.80703125 0.07734375 0.06875 0.1078125
0 0.7015625 0.15 0.0828125 0.084375
0 0.7296875 0.2796875 0.084375 0.0734375
0 0.75546875 0.44140625 0.0796875 0.06875
0 0.80625 0.7265625 0.0828125 0.0984375
0 0.81875 0.83828125 0.0890625 0.078125
0 0.7453125 0.8515625 0.06875 0.0828125
0 0.72890625 0.740625 0.0671875 0.090625
0 0.70625 0.6 0.075 0.0875
0 0.7796875 0.590625 0.078125 0.08125
0 0.6765625 0.47734375 0.078125 0.0875
0 0.65390625 0.36640625 0.0609375 0.0890625
0 0.6296875 0.2390625 0.0671875 0.0890625
0 0.60234375 0.0890625 0.0765625 0.0890625
0 0.52890625 0.171875 0.075 0.0828125
0 0.55703125 0.3421875 0.0734375 0.0890625
0 0.5890625 0.478125 0.0796875 0.1
0 0.62890625 0.6296875 0.0828125 0.084375
0 0.65859375 0.753125 0.0671875 0.1015625
0 0.67109375 0.8921875 0.0734375 0.0890625
0 0.56796875 0.90390625 0.0828125 0.084375
0 0.553125 0.80625 0.0765625 0.1109375
0 0.53125 0.6546875 0.0671875 0.096875
0 0.4984375 0.4984375 0.075 0.1203125
0 0.48125 0.35703125 0.0765625 0.103125
0 0.44375 0.1890625 0.071875 0.1171875
0 0.36015625 0.1578125 0.071875 0.0921875
0 0.3953125 0.340625 0.078125 0.121875
0 0.42265625 0.48671875 0.08125 0.10625
0 0.446875 0.646875 0.0828125 0.103125
0 0.45859375 0.81953125 0.0765625 0.096875
0 0.4703125 0.92265625 0.0921875 0.0921875
0 0.38828125 0.87734375 0.0671875 0.090625
0 0.38359375 0.740625 0.0796875 0.09375
0 0.35703125 0.60546875 0.0734375 0.0984375
0 0.33203125 0.46015625 0.0765625 0.090625
0 0.3046875 0.30078125 0.0671875 0.096875
0 0.29140625 0.1734375 0.071875 0.0796875
0 0.2140625 0.19453125 0.05625 0.0796875
0 0.234375 0.35703125 0.0734375 0.0984375
0 0.26015625 0.4890625 0.0734375 0.1015625
0 0.2875 0.63125 0.0765625 0.1
0 0.31015625 0.78046875 0.0859375 0.1
0 0.3140625 0.9015625 0.0828125 0.0984375
0 0.21796875 0.8171875 0.0921875 0.09375
0 0.1921875 0.628125 0.0875 0.0984375
0 0.16796875 0.4921875 0.0859375 0.1078125
0 0.1328125 0.33203125 0.0796875 0.103125
0 0.09453125 0.1734375 0.0859375 0.10625