4 0.24453125 0.09609375 0.2796875 0.1125
4 0.6046875 0.07421875 0.275 0.11328125
4 0.8875 0.0765625 0.2203125 0.08515625
4 0.825 0.17734375 0.24609375 0.08125
4 0.49765625 0.1875 0.26640625 0.0828125
4 0.21484375 0.21328125 0.22109375 0.0734375
4 0.265625 0.303125 0.32265625 0.0859375
4 0.54609375 0.28828125 0.18046875 0.0859375
4 0.821875 0.27890625 0.26015625 0.0890625
4 0.83671875 0.3734375 0.25078125 0.10078125
4 0.54453125 0.39296875 0.23828125 0.0890625
4 0.2265625 0.41875 0.3296875 0.090625
4 0.215625 0.53046875 0.26796875 0.09453125
4 0.51640625 0.51171875 0.234375 0.09765625
4 0.82578125 0.49140625 0.225 0.0921875
4 0.83671875 0.58515625 0.26484375 0.0890625
4 0.5265625 0.615625 0.26484375 0.08125
4 0.2078125 0.6421875 0.275 0.08203125
4 0.2453125 0.74765625 0.2828125 0.08125
4 0.54140625 0.7234375 0.2359375 0.0859375
4 0.8421875 0.71015625 0.24609375 0.084375
4 0.84453125 0.79921875 0.265625 0.08515625
4 0.54921875 0.81171875 0.23515625 0.071875
4 0.23359375 0.8328125 0.27109375 0.07109375
4 0.234375 0.92421875 0.23125 0.07265625
4 0.55625 0.89140625 0.29140625 0.06640625
4 0.84765625 0.8796875 0.26328125 0.065625