4 0.89921875 0.2375 0.1171875 0.28125
4 0.92734375 0.596875 0.1171875 0.2765625
4 0.93046875 0.8796875 0.0875 0.221875
4 0.828125 0.81953125 0.0859375 0.2484375
4 0.8125 0.4921875 0.0875 0.2671875
4 0.78203125 0.21015625 0.0765625 0.2234375
4 0.69296875 0.2625 0.0921875 0.3234375
4 0.7125 0.5421875 0.0890625 0.1828125
4 0.7265625 0.81796875 0.09375 0.2609375
4 0.63203125 0.834375 0.1046875 0.2515625
4 0.6078125 0.54296875 0.09375 0.2390625
4 0.5765625 0.225 0.096875 0.33125
4 0.46484375 0.21640625 0.0984375 0.2703125
4 0.48828125 0.51640625 0.1015625 0.2359375
4 0.5140625 0.82578125 0.096875 0.2265625
4 0.42109375 0.83828125 0.09375 0.2671875
4 0.38515625 0.52890625 0.0859375 0.2671875
4 0.353125 0.21015625 0.0859375 0.2765625
4 0.24765625 0.25 0.0859375 0.284375
4 0.27734375 0.5453125 0.090625 0.2375
4 0.29609375 0.84609375 0.0890625 0.2484375
4 0.20703125 0.85 0.0890625 0.2671875
4 0.1890625 0.5546875 0.0765625 0.2359375
4 0.1625 0.2390625 0.0765625 0.2734375
4 0.07109375 0.2421875 0.0765625 0.2328125
4 0.109375 0.56328125 0.0703125 0.2921875
4 0.1265625 0.85390625 0.0703125 0.2640625