2 0.8796875 0.890625 0.0828125 0.1046875
2 0.70859375 0.89140625 0.1265625 0.0921875
2 0.56953125 0.9125 0.10625 0.09375
2 0.4046875 0.92421875 0.1015625 0.128125
2 0.21640625 0.92578125 0.1078125 0.0625
2 0.3 0.80859375 0.1078125 0.0734375
2 0.45 0.80546875 0.0875 0.0890625
2 0.57578125 0.77734375 0.0703125 0.0859375
2 0.71171875 0.76953125 0.0921875 0.0921875
2 0.846875 0.76953125 0.0765625 0.084375
2 0.834375 0.665625 0.1515625 0.0828125
2 0.69609375 0.678125 0.0765625 0.0796875
2 0.5609375 0.69140625 0.0921875 0.1078125
2 0.44296875 0.6890625 0.0609375 0.0953125
2 0.28203125 0.703125 0.165625 0.071875
2 0.16015625 0.58515625 0.1296875 0.059375
2 0.321875 0.590625 0.1265625 0.1140625
2 0.48671875 0.57578125 0.1359375 0.075
2 0.65859375 0.5671875 0.0984375 0.0953125
2 0.8265625 0.55 0.0921875 0.109375
2 0.8546875 0.45078125 0.0859375 0.08125
2 0.73046875 0.45390625 0.1171875 0.0796875
2 0.5671875 0.4671875 0.1109375 0.0765625
2 0.4109375 0.49140625 0.0875 0.0890625
2 0.28046875 0.48671875 0.1046875 0.065625
2 0.27421875 0.38359375 0.0796875 0.1171875
2 0.40703125 0.36875 0.0828125 0.1109375
2 0.5578125 0.3609375 0.0875 0.1015625
2 0.734375 0.37734375 0.1234375 0.065625
2 0.859375 0.35 0.0734375 0.0796875
2 0.84765625 0.2625 0.1234375 0.05625
2 0.640625 0.2734375 0.1328125 0.0546875
2 0.47890625 0.27578125 0.1265625 0.0546875
2 0.340625 0.2875 0.1140625 0.0578125
2 0.1625 0.290625 0.1 0.0578125
2 0.26484375 0.2109375 0.1390625 0.05625
2 0.1359375 0.1171875 0.0671875 0.103125
2 0.29453125 0.12421875 0.125 0.0484375
2 0.44140625 0.203125 0.05625 0.0859375
2 0.440625 0.11015625 0.059375 0.0671875
2 0.578125 0.1 0.11875 0.0671875
2 0.5515625 0.19453125 0.071875 0.0828125
2 0.67890625 0.18828125 0.0703125 0.0828125
2 0.81953125 0.17890625 0.0890625 0.0796875
2 0.728125 0.08671875 0.0921875 0.096875