2 0.88359375 0.1140625 0.10625 0.084375
2 0.88828125 0.284375 0.0953125 0.128125
2 0.9109375 0.4234375 0.0953125 0.1078125
2 0.92578125 0.5875 0.1296875 0.1046875
2 0.93125 0.77578125 0.0640625 0.1078125
2 0.81171875 0.69453125 0.075 0.109375
2 0.80625 0.54453125 0.090625 0.0890625
2 0.7765625 0.41953125 0.0875 0.071875
2 0.76640625 0.28359375 0.09375 0.09375
2 0.76328125 0.1484375 0.0859375 0.078125
2 0.659375 0.16328125 0.084375 0.153125
2 0.67421875 0.30078125 0.08125 0.078125
2 0.68984375 0.43515625 0.109375 0.09375
2 0.690625 0.55390625 0.0953125 0.0625
2 0.70703125 0.7140625 0.075 0.165625
2 0.590625 0.83828125 0.0609375 0.1296875
2 0.59375 0.6765625 0.1171875 0.128125
2 0.5765625 0.5125 0.078125 0.1375
2 0.56484375 0.340625 0.096875 0.1
2 0.54375 0.17265625 0.109375 0.09375
2 0.44453125 0.14609375 0.0828125 0.0875
2 0.45 0.2703125 0.0828125 0.11875
2 0.46640625 0.4328125 0.078125 0.1125
2 0.49296875 0.5890625 0.090625 0.0890625
2 0.490625 0.7203125 0.0671875 0.1046875
2 0.3875 0.72734375 0.11875 0.0828125
2 0.3703125 0.5953125 0.1125 0.084375
2 0.359375 0.44453125 0.103125 0.0890625
2 0.3734375 0.2671875 0.06875 0.1234375
2 0.34375 0.14375 0.08125 0.075
2 0.25625 0.15703125 0.0578125 0.1234375
2 0.27109375 0.36328125 0.0578125 0.1328125
2 0.2765625 0.525 0.0578125 0.1265625
2 0.28984375 0.66328125 0.059375 0.1140625
2 0.296875 0.840625 0.059375 0.1
2 0.215625 0.740625 0.0578125 0.1390625
2 0.1234375 0.8703125 0.103125 0.06875
2 0.12734375 0.7125 0.0515625 0.125
2 0.2046875 0.56328125 0.0859375 0.0578125
2 0.11171875 0.565625 0.0671875 0.0578125
2 0.09921875 0.42890625 0.0703125 0.11875
2 0.19375 0.45390625 0.084375 0.0734375
2 0.18515625 0.3265625 0.084375 0.071875
2 0.1734375 0.1859375 0.08125 0.090625
2 0.0828125 0.27890625 0.0984375 0.09375