0 0.12421875 0.8875 0.06875 0.1109375
0 0.1125 0.71953125 0.09375 0.0828125
0 0.0984375 0.5765625 0.078125 0.0765625
0 0.07890625 0.41328125 0.078125 0.096875
0 0.0625 0.2671875 0.09375 0.090625
0 0.059375 0.140625 0.08125 0.084375
0 0.15 0.128125 0.0890625 0.115625
0 0.16015625 0.259375 0.071875 0.1109375
0 0.18125 0.4328125 0.0828125 0.0765625
0 0.19921875 0.61015625 0.071875 0.0609375
0 0.2125 0.728125 0.0875 0.06875
0 0.2171875 0.875 0.078125 0.0859375
0 0.30859375 0.84921875 0.090625 0.075
0 0.3 0.66484375 0.075 0.0859375
0 0.27265625 0.47890625 0.10625 0.09375
0 0.2640625 0.32578125 0.0890625 0.10625
0 0.25390625 0.14921875 0.084375 0.1
0 0.35390625 0.16015625 0.090625 0.0921875
0 0.35703125 0.3015625 0.08125 0.0859375
0 0.3671875 0.44140625 0.0578125 0.0515625
0 0.38359375 0.58125 0.078125 0.1
0 0.409375 0.7484375 0.071875 0.09375
0 0.4203125 0.86171875 0.05625 0.0796875
0 0.51328125 0.84921875 0.090625 0.1
0 0.50078125 0.715625 0.078125 0.0859375
0 0.4953125 0.56796875 0.0765625 0.084375
0 0.459375 0.40859375 0.078125 0.115625
0 0.4546875 0.27265625 0.06875 0.1046875
0 0.44921875 0.12734375 0.084375 0.096875
0 0.53203125 0.121875 0.071875 0.084375
0 0.5484375 0.26484375 0.06875 0.1046875
0 0.5625 0.40546875 0.0625 0.0890625
0 0.5765625 0.56015625 0.0609375 0.1234375
0 0.6015625 0.7078125 0.0703125 0.09375
0 0.615625 0.8625 0.0625 0.1140625
0 0.70390625 0.85546875 0.078125 0.1046875
0 0.68984375 0.71875 0.05 0.0640625
0 0.7828125 0.81484375 0.0734375 0.078125
0 0.76796875 0.690625 0.06875 0.0703125
0 0.86796875 0.69921875 0.0796875 0.0984375
0 0.665625 0.59609375 0.078125 0.0875
0 0.74921875 0.56328125 0.0640625 0.0953125
0 0.64921875 0.43828125 0.05625 0.071875
0 0.7359375 0.4390625 0.075 0.096875
0 0.634375 0.29921875 0.0625 0.0703125
0 0.6125 0.18515625 0.06875 0.0828125
0 0.70234375 0.17578125 0.0671875 0.0953125
0 0.71171875 0.315625 0.075 0.0875
0 0.81796875 0.30234375 0.090625 0.125
0 0.90625 0.2265625 0.0890625 0.11875
0 0.790625 0.140625 0.1046875 0.10625
0 0.8390625 0.4875 0.0890625 0.121875
0 0.93046875 0.4375 0.075 0.125