2 0.1171875 0.87265625 0.1359375 0.1015625
2 0.11640625 0.72421875 0.0890625 0.1265625
2 0.0953125 0.50703125 0.0828125 0.1046875
2 0.09140625 0.24140625 0.1109375 0.0921875
2 0.12109375 0.1234375 0.0734375 0.0921875
2 0.22890625 0.21796875 0.1 0.0796875
2 0.2 0.4140625 0.1265625 0.084375
2 0.2203125 0.5953125 0.1234375 0.0796875
2 0.2125 0.72421875 0.0921875 0.0765625
2 0.26015625 0.8625 0.0609375 0.1328125
2 0.3390625 0.87578125 0.071875 0.1390625
2 0.3109375 0.71328125 0.0953125 0.0875
2 0.303125 0.50078125 0.1140625 0.0703125
2 0.29375 0.32265625 0.0921875 0.0671875
2 0.284375 0.10703125 0.0671875 0.1140625
2 0.39453125 0.07578125 0.1359375 0.084375
2 0.3890625 0.2125 0.09375 0.0734375
2 0.4015625 0.39296875 0.109375 0.0703125
2 0.4078125 0.6125 0.1046875 0.075
2 0.42265625 0.8609375 0.0703125 0.121875
2 0.528125 0.80390625 0.0875 0.1375
2 0.51328125 0.59375 0.0953125 0.0796875
2 0.515625 0.434375 0.1078125 0.0984375
2 0.5 0.28203125 0.1 0.0828125
2 0.49921875 0.1296875 0.06875 0.1546875
2 0.60546875 0.19375 0.1015625 0.06875
2 0.615625 0.30546875 0.1015625 0.05625
2 0.628125 0.478125 0.05625 0.1578125
2 0.640625 0.63359375 0.1 0.1046875
2 0.65390625 0.81171875 0.1140625 0.1015625
2 0.76953125 0.81796875 0.0703125 0.1203125
2 0.753125 0.68828125 0.0828125 0.103125
2 0.73828125 0.50234375 0.0875 0.0921875
2 0.7203125 0.37734375 0.0921875 0.0671875
2 0.73515625 0.24765625 0.1109375 0.090625
2 0.840625 0.19296875 0.0703125 0.1140625
2 0.834375 0.38125 0.0890625 0.1015625
2 0.84296875 0.5125 0.0484375 0.1171875
2 0.8625 0.65703125 0.1234375 0.1140625
2 0.88125 0.8375 0.109375 0.1265625
2 0.96875 0.78359375 0.053125 0.159375
2 0.95390625 0.61484375 0.053125 0.15
2 0.94921875 0.44921875 0.0546875 0.0984375
2 0.92421875 0.3171875 0.0953125 0.0828125
2 0.92421875 0.146875 0.0625 0.1578125