5 0.10234375 0.0828125 0.159375 0.06875
5 0.29296875 0.071875 0.1 0.0734375
5 0.4890625 0.06171875 0.1265625 0.0734375
5 0.67265625 0.06171875 0.115625 0.0734375
5 0.86171875 0.1203125 0.0984375 0.0609375
5 0.86640625 0.04921875 0.1140625 0.0703125
5 0.659375 0.13515625 0.10625 0.0546875
5 0.47890625 0.1390625 0.1015625 0.0484375
5 0.28359375 0.15546875 0.13125 0.053125
5 0.09296875 0.1703125 0.1546875 0.071875
5 0.07421875 0.246875 0.1421875 0.0625
5 0.2625 0.23203125 0.103125 0.0453125
5 0.47109375 0.21953125 0.1171875 0.0609375
5 0.6625 0.19921875 0.1109375 0.06875
5 0.8609375 0.19453125 0.1078125 0.0640625
5 0.6671875 0.303125 0.0796875 0.0890625
5 0.51953125 0.303125 0.0890625 0.0875
5 0.36953125 0.32734375 0.0546875 0.0828125
5 0.215625 0.3359375 0.0765625 0.1046875
5 0.0734375 0.3390625 0.0859375 0.0921875
5 0.8875 0.29296875 0.1546875 0.06875
5 0.8921875 0.3953125 0.1328125 0.0609375
5 0.74921875 0.409375 0.059375 0.0796875
5 0.759375 0.51640625 0.0578125 0.0921875
5 0.590625 0.42421875 0.053125 0.05625
5 0.44453125 0.4375 0.05 0.08125
5 0.3015625 0.44921875 0.0859375 0.078125
5 0.14921875 0.4671875 0.0484375 0.065625
5 0.0671875 0.58125 0.0734375 0.0765625
5 0.21640625 0.56015625 0.0890625 0.065625
5 0.38125 0.534375 0.0546875 0.0765625
5 0.6 0.51796875 0.053125 0.0703125
5 0.884375 0.484375 0.1546875 0.0625
5 0.90625 0.55859375 0.1265625 0.0546875
5 0.9046875 0.62421875 0.1390625 0.059375
5 0.65625 0.62265625 0.078125 0.0765625
5 0.528125 0.6375 0.04375 0.0734375
5 0.38671875 0.646875 0.0515625 0.0765625
5 0.24453125 0.67109375 0.1 0.0671875
5 0.12578125 0.6875 0.0765625 0.0984375
5 0.18046875 0.7859375 0.0484375 0.0796875
5 0.2984375 0.76953125 0.0671875 0.08125
5 0.4390625 0.75546875 0.059375 0.078125
5 0.5859375 0.74140625 0.0734375 0.1015625
5 0.70234375 0.7328125 0.0671875 0.0796875
5 0.85625 0.73125 0.0734375 0.1015625
5 0.81328125 0.8390625 0.1046875 0.0578125
5 0.609375 0.85859375 0.115625 0.0578125
5 0.41796875 0.8703125 0.1234375 0.0640625
5 0.19140625 0.8921875 0.15625 0.065625