1 0.1375 0.07734375 0.15078125 0.0859375
1 0.4 0.08203125 0.1703125 0.1015625
1 0.64375 0.07265625 0.2140625 0.08046875
1 0.85546875 0.0625 0.16484375 0.08515625
1 0.83671875 0.16875 0.21953125 0.08203125
1 0.59453125 0.1765625 0.1484375 0.06171875
1 0.40078125 0.18046875 0.1609375 0.08125
1 0.17421875 0.18828125 0.13984375 0.05703125
1 0.17421875 0.27734375 0.16484375 0.07890625
1 0.35859375 0.26875 0.10546875 0.0640625
1 0.60234375 0.26015625 0.23359375 0.0625
1 0.88203125 0.26328125 0.21171875 0.0859375
1 0.89296875 0.35 0.15546875 0.06875
1 0.7203125 0.34296875 0.11484375 0.06328125
1 0.55703125 0.35390625 0.1328125 0.0625
1 0.3640625 0.35546875 0.1390625 0.07109375
1 0.14453125 0.35703125 0.1390625 0.05703125
1 0.1375 0.42890625 0.146875 0.0578125
1 0.290625 0.42734375 0.1015625 0.05625
1 0.4640625 0.42109375 0.10234375 0.0515625
1 0.64296875 0.41640625 0.14375 0.06640625
1 0.8296875 0.4125 0.134375 0.04921875
1 0.8578125 0.48125 0.1703125 0.05703125
1 0.67109375 0.4796875 0.121875 0.05625
1 0.51328125 0.4921875 0.14375 0.05078125
1 0.3203125 0.49765625 0.16484375 0.06640625
1 0.12109375 0.50859375 0.1546875 0.05703125
1 0.134375 0.58203125 0.14140625 0.0484375
1 0.33046875 0.58046875 0.17421875 0.0546875
1 0.52734375 0.5671875 0.13515625 0.05625
1 0.69375 0.5546875 0.13515625 0.059375
1 0.8734375 0.55703125 0.16171875 0.0640625
1 0.87109375 0.621875 0.165625 0.05078125
1 0.69453125 0.6265625 0.12890625 0.05
1 0.54921875 0.63046875 0.134375 0.04921875
1 0.375 0.6421875 0.1640625 0.05390625
1 0.1640625 0.65546875 0.21875 0.0796875
1 0.16171875 0.728125 0.16328125 0.0640625
1 0.31953125 0.71328125 0.13359375 0.053125
1 0.4890625 0.70703125 0.12109375 0.053125
1 0.63203125 0.6921875 0.11796875 0.05078125
1 0.80234375 0.684375 0.12890625 0.07109375
1 0.909375 0.75625 0.1484375 0.05703125
1 0.7390625 0.76484375 0.13828125 0.04921875
1 0.58359375 0.76953125 0.13828125 0.05078125
1 0.42734375 0.78125 0.14140625 0.05078125
1 0.26875 0.79453125 0.12734375 0.05546875
1 0.1140625 0.8046875 0.10703125 0.07265625
1 0.146875 0.8671875 0.16015625 0.03984375
1 0.31328125 0.86328125 0.12890625 0.04296875
1 0.4625 0.85 0.1265625 0.04140625
1 0.634375 0.84140625 0.12265625 0.05625
1 0.78671875 0.828125 0.134375 0.06484375
1 0.79296875 0.88984375 0.1609375 0.04609375
1 0.640625 0.89375 0.1125 0.05
1 0.46875 0.9109375 0.171875 0.04765625
1 0.27734375 0.9234375 0.1375 0.04375
1 0.1125 0.9296875 0.14140625 0.0453125