1 0.9515625 0.175 0.096875 0.15625
1 0.925 0.43671875 0.115625 0.178125
1 0.91328125 0.68046875 0.1 0.2203125
1 0.9046875 0.8921875 0.0984375 0.171875
1 0.80078125 0.8640625 0.1 0.225
1 0.8140625 0.62265625 0.075 0.153125
1 0.82734375 0.42890625 0.0953125 0.1671875
1 0.8390625 0.20234375 0.06875 0.1453125
1 0.75 0.19453125 0.0921875 0.171875
1 0.74296875 0.37890625 0.0734375 0.1109375
1 0.7296875 0.62265625 0.0828125 0.2390625
1 0.70234375 0.89609375 0.1046875 0.2078125
1 0.61484375 0.9046875 0.0828125 0.1609375
1 0.6375 0.7328125 0.071875 0.1203125
1 0.640625 0.56953125 0.0734375 0.1375
1 0.65546875 0.37734375 0.084375 0.1453125
1 0.6734375 0.15859375 0.06875 0.14375
1 0.60234375 0.1453125 0.0703125 0.1515625
1 0.590625 0.29765625 0.065625 0.10625
1 0.58203125 0.47109375 0.0609375 0.1078125
1 0.57109375 0.65 0.078125 0.1484375
1 0.55859375 0.8359375 0.0609375 0.1375
1 0.4875 0.8578125 0.0703125 0.175
1 0.50546875 0.671875 0.0671875 0.1265625
1 0.50625 0.5140625 0.0625 0.146875
1 0.51796875 0.32109375 0.0796875 0.1703125
1 0.52421875 0.121875 0.06875 0.159375
1 0.45 0.12890625 0.0609375 0.14375
1 0.434375 0.32421875 0.0703125 0.1796875
1 0.43046875 0.52109375 0.0671875 0.1390625
1 0.42890625 0.68828125 0.0703125 0.1390625
1 0.4109375 0.8671875 0.078125 0.1671875
1 0.34609375 0.859375 0.0640625 0.16875
1 0.35703125 0.6828125 0.0609375 0.13125
1 0.365625 0.5375 0.0609375 0.1375
1 0.36953125 0.36328125 0.0671875 0.16875
1 0.37421875 0.1515625 0.0984375 0.225
1 0.30234375 0.14296875 0.078125 0.1671875
1 0.303125 0.3015625 0.0640625 0.1390625
1 0.29453125 0.47109375 0.0640625 0.1265625
1 0.296875 0.61484375 0.0609375 0.121875
1 0.28984375 0.78515625 0.0828125 0.134375
1 0.209375 0.88515625 0.06875 0.153125
1 0.215625 0.71484375 0.0625 0.140625
1 0.22421875 0.56015625 0.0625 0.140625
1 0.22578125 0.403125 0.0625 0.14375
1 0.2265625 0.24375 0.0671875 0.1328125
1 0.23046875 0.0890625 0.08125 0.1125
1 0.16484375 0.11640625 0.0546875 0.1625
1 0.1546875 0.28203125 0.0546875 0.13125
1 0.1546875 0.43203125 0.0515625 0.1296875
1 0.1484375 0.60390625 0.0671875 0.1265625
1 0.1484375 0.75703125 0.0765625 0.1390625
1 0.0859375 0.7578125 0.0609375 0.1640625
1 0.0953125 0.60546875 0.059375 0.1171875
1 0.09296875 0.4328125 0.0609375 0.175
1 0.09765625 0.24140625 0.05625 0.140625
1 0.10546875 0.0765625 0.0578125 0.14375