3 0.9265625 0.16875 0.1140625 0.2359375
3 0.93203125 0.53046875 0.1359375 0.253125
3 0.93046875 0.8359375 0.1328125 0.2265625
3 0.8171875 0.725 0.0984375 0.1984375
3 0.81171875 0.4625 0.09375 0.2203125
3 0.81640625 0.1890625 0.090625 0.2671875
3 0.6671875 0.19609375 0.11875 0.2015625
3 0.69375 0.49140625 0.0859375 0.2015625
3 0.6921875 0.80234375 0.1 0.2265625
3 0.6015625 0.74453125 0.075 0.1953125
3 0.51953125 0.8046875 0.06875 0.2234375
3 0.5328125 0.57734375 0.0703125 0.1921875
3 0.6015625 0.446875 0.06875 0.20625
3 0.53515625 0.2421875 0.065625 0.2625
3 0.415625 0.2296875 0.1 0.2265625
3 0.43203125 0.48828125 0.103125 0.2484375
3 0.4234375 0.8140625 0.1078125 0.215625
3 0.3 0.8265625 0.1046875 0.2234375
3 0.3234375 0.5390625 0.103125 0.2578125
3 0.3046875 0.225 0.0796875 0.2578125
3 0.20078125 0.2109375 0.0796875 0.2515625
3 0.09140625 0.21484375 0.0828125 0.23125
3 0.09765625 0.46171875 0.0921875 0.234375
3 0.20390625 0.53125 0.078125 0.2171875
3 0.2109375 0.8015625 0.1015625 0.2515625
3 0.08984375 0.75859375 0.0890625 0.2703125