3 0.184375 0.1 0.29296875 0.10390625
3 0.53125 0.08671875 0.24140625 0.10078125
3 0.80078125 0.06953125 0.2296875 0.09765625
3 0.8546875 0.18203125 0.27734375 0.1078125
3 0.503125 0.21171875 0.25703125 0.10625
3 0.18515625 0.2375 0.290625 0.10703125
3 0.30390625 0.35390625 0.40234375 0.0984375
3 0.68671875 0.3078125 0.28828125 0.10703125
3 0.91328125 0.3734375 0.1328125 0.16875
3 0.696875 0.4078125 0.26640625 0.08828125
3 0.2484375 0.478125 0.2875 0.0703125
3 0.65390625 0.4875 0.2515625 0.0828125
3 0.7625 0.5515625 0.2171875 0.06796875
3 0.4890625 0.57421875 0.1890625 0.0703125
3 0.225 0.58359375 0.209375 0.0859375
3 0.26484375 0.6828125 0.2046875 0.07578125
3 0.61875 0.67421875 0.2328125 0.06875
3 0.9140625 0.6328125 0.11953125 0.12109375
3 0.92890625 0.84609375 0.11171875 0.15390625
3 0.81875 0.93515625 0.12265625 0.12734375
3 0.7046875 0.86328125 0.12578125 0.1328125
3 0.5015625 0.85859375 0.209375 0.08828125
3 0.7734375 0.746875 0.2046875 0.06796875
3 0.49609375 0.7671875 0.23359375 0.06484375
3 0.2125 0.796875 0.2359375 0.078125
3 0.21875 0.89609375 0.2328125 0.0796875