5 0.14765625 0.0921875 0.1453125 0.08984375
5 0.34609375 0.09765625 0.18046875 0.065625
5 0.57421875 0.10546875 0.1484375 0.065625
5 0.78125 0.0921875 0.12578125 0.0765625
5 0.92578125 0.06875 0.05234375 0.08359375
5 0.93046875 0.16640625 0.0421875 0.0703125
5 0.8046875 0.184375 0.165625 0.0546875
5 0.575 0.18828125 0.14296875 0.05625
5 0.32109375 0.18828125 0.11171875 0.05
5 0.1265625 0.18828125 0.1234375 0.06015625
5 0.134375 0.27109375 0.153125 0.0484375
5 0.38203125 0.27109375 0.11171875 0.05703125
5 0.59375 0.2765625 0.11015625 0.0640625
5 0.80703125 0.271875 0.1125 0.0609375
5 0.93671875 0.2578125 0.0484375 0.078125
5 0.95 0.3515625 0.04296875 0.05390625
5 0.8203125 0.359375 0.13828125 0.05234375
5 0.60703125 0.35234375 0.115625 0.04375
5 0.384375 0.34609375 0.14765625 0.05703125
5 0.13515625 0.3515625 0.16953125 0.05234375
5 0.13125 0.44609375 0.1640625 0.06015625
5 0.35390625 0.42578125 0.09921875 0.05078125
5 0.54296875 0.41875 0.15703125 0.05859375
5 0.7375 0.42421875 0.10234375 0.04765625
5 0.9015625 0.42421875 0.10546875 0.04765625
5 0.89765625 0.49609375 0.11640625 0.06328125
5 0.74765625 0.5 0.09765625 0.065625
5 0.5359375 0.5078125 0.109375 0.05703125
5 0.325 0.51484375 0.11171875 0.05234375
5 0.12734375 0.53203125 0.15234375 0.05625
5 0.11796875 0.61484375 0.12734375 0.0609375
5 0.32421875 0.609375 0.1046875 0.05546875
5 0.49921875 0.59609375 0.11875 0.05390625
5 0.7078125 0.5828125 0.146875 0.059375
5 0.90390625 0.575 0.11640625 0.05078125
5 0.8703125 0.6546875 0.11015625 0.059375
5 0.66796875 0.66171875 0.1125 0.05703125
5 0.48515625 0.66796875 0.09296875 0.0546875
5 0.30546875 0.68359375 0.10625 0.0421875
5 0.10703125 0.70390625 0.128125 0.0453125
5 0.12265625 0.7734375 0.15703125 0.05546875
5 0.29921875 0.76171875 0.08671875 0.053125
5 0.4640625 0.75625 0.10625 0.05703125
5 0.64375 0.75234375 0.1453125 0.06015625
5 0.8828125 0.74453125 0.11796875 0.05625
5 0.853125 0.8140625 0.11796875 0.04921875
5 0.6328125 0.8203125 0.115625 0.04375
5 0.446875 0.83046875 0.0953125 0.05234375
5 0.27421875 0.8375 0.09921875 0.04921875
5 0.00859375 0.81796875 0.0015625 0.0015625