3 0.07890625 0.83828125 0.109375 0.234375
3 0.0671875 0.47734375 0.13125 0.2515625
3 0.0640625 0.171875 0.128125 0.225
3 0.17890625 0.28046875 0.0953125 0.196875
3 0.1890625 0.54296875 0.090625 0.21875
3 0.1890625 0.81640625 0.0859375 0.265625
3 0.33828125 0.80703125 0.115625 0.2
3 0.30625 0.51171875 0.0828125 0.2
3 0.30234375 0.20078125 0.0953125 0.225
3 0.39453125 0.25703125 0.071875 0.19375
3 0.475 0.1953125 0.065625 0.221875
3 0.465625 0.4234375 0.0671875 0.190625
3 0.39921875 0.5546875 0.065625 0.2046875
3 0.46953125 0.75859375 0.0609375 0.2609375
3 0.5890625 0.76875 0.0953125 0.225
3 0.56796875 0.51015625 0.0984375 0.246875
3 0.57109375 0.184375 0.1046875 0.2140625
3 0.69453125 0.1703125 0.1015625 0.221875
3 0.67578125 0.4578125 0.0984375 0.25625
3 0.7 0.771875 0.075 0.25625
3 0.80390625 0.78359375 0.075 0.25
3 0.91328125 0.778125 0.078125 0.2296875
3 0.903125 0.53125 0.0875 0.2328125
3 0.7953125 0.46328125 0.075 0.215625
3 0.78359375 0.19375 0.096875 0.25
3 0.90546875 0.234375 0.084375 0.26875