0 0.93671875 0.08515625 0.0640625 0.09375
0 0.9484375 0.21875 0.0734375 0.0796875
0 0.9578125 0.38203125 0.084375 0.0734375
0 0.959375 0.58984375 0.0703125 0.065625
0 0.96328125 0.7125 0.0671875 0.0953125
0 0.959375 0.82265625 0.071875 0.0671875
0 0.90546875 0.92890625 0.0890625 0.071875
0 0.8734375 0.8171875 0.0796875 0.0828125
0 0.88125 0.6125 0.0671875 0.0765625
0 0.875 0.47421875 0.075 0.0765625
0 0.85703125 0.284375 0.0765625 0.0796875
0 0.85 0.11171875 0.0609375 0.1046875
0 0.73671875 0.17265625 0.078125 0.0796875
0 0.75078125 0.30546875 0.0796875 0.06875
0 0.76015625 0.46875 0.0765625 0.0640625
0 0.78046875 0.75703125 0.0765625 0.09375
0 0.78203125 0.86953125 0.084375 0.0734375
0 0.7078125 0.87578125 0.0640625 0.0796875
0 0.70234375 0.76328125 0.0609375 0.0875
0 0.69453125 0.62109375 0.0703125 0.0828125
0 0.76875 0.61953125 0.0734375 0.0765625
0 0.678125 0.49609375 0.0734375 0.0828125
0 0.6671875 0.38359375 0.0546875 0.0859375
0 0.65625 0.25390625 0.0609375 0.0859375
0 0.64453125 0.1015625 0.071875 0.084375
0 0.5625 0.1765625 0.0703125 0.078125
0 0.57265625 0.34921875 0.0671875 0.0859375
0 0.590625 0.4875 0.0734375 0.0953125
0 0.61484375 0.64296875 0.078125 0.0796875
0 0.63125 0.76796875 0.0609375 0.0984375
0 0.62890625 0.9078125 0.06875 0.084375
0 0.52578125 0.909375 0.078125 0.0796875
0 0.52109375 0.81015625 0.06875 0.1078125
0 0.51484375 0.65703125 0.0609375 0.09375
0 0.4984375 0.4984375 0.0671875 0.1171875
0 0.49609375 0.35625 0.0703125 0.0984375
0 0.4765625 0.184375 0.0640625 0.1140625
0 0.396875 0.1453125 0.065625 0.0890625
0 0.4125 0.33046875 0.0703125 0.1171875
0 0.42421875 0.478125 0.075 0.1015625
0 0.43203125 0.640625 0.0765625 0.0984375
0 0.42578125 0.81328125 0.0703125 0.0921875
0 0.4265625 0.9171875 0.0859375 0.0875
0 0.34921875 0.8640625 0.0609375 0.0875
0 0.359375 0.72734375 0.0734375 0.0890625
0 0.346875 0.590625 0.0671875 0.0953125
0 0.33671875 0.4421875 0.0703125 0.0859375
0 0.3265625 0.28125 0.0609375 0.09375
0 0.3265625 0.153125 0.0671875 0.0765625
0 0.246875 0.16640625 0.0515625 0.0765625
0 0.25078125 0.3296875 0.0671875 0.0953125
0 0.2625 0.4640625 0.0671875 0.0984375
0 0.275 0.60859375 0.0703125 0.0953125
0 0.28203125 0.75859375 0.0796875 0.0953125
0 0.27265625 0.8796875 0.0765625 0.09375
0 0.18671875 0.7859375 0.0859375 0.0890625
0 0.18046875 0.5953125 0.08125 0.09375
0 0.1703125 0.4578125 0.0796875 0.103125
0 0.153125 0.29453125 0.0734375 0.0984375
0 0.13046875 0.1328125 0.0796875 0.1015625