4 0.903125 0.1671875 0.1078125 0.190625
4 0.921875 0.4015625 0.1015625 0.2203125
4 0.9515625 0.70390625 0.0921875 0.2203125
4 0.87421875 0.80078125 0.1109375 0.2765625
4 0.834375 0.51171875 0.09375 0.225
4 0.79921875 0.19921875 0.0921875 0.2296875
4 0.70625 0.14765625 0.0828125 0.121875
4 0.740625 0.44765625 0.0875 0.303125
4 0.76015625 0.7953125 0.0921875 0.259375
4 0.68125 0.81015625 0.0765625 0.2546875
4 0.65546875 0.48515625 0.0953125 0.2578125
4 0.6234375 0.2109375 0.0859375 0.2125
4 0.534375 0.21796875 0.0796875 0.2140625
4 0.571875 0.4921875 0.084375 0.25625
4 0.584375 0.821875 0.0859375 0.2640625
4 0.5 0.84609375 0.084375 0.2953125
4 0.4765625 0.5140625 0.0875 0.1828125
4 0.44921875 0.25 0.0796875 0.28125
4 0.37578125 0.24453125 0.0734375 0.2859375
4 0.4 0.5328125 0.071875 0.2234375
4 0.41796875 0.84140625 0.0828125 0.275
4 0.3453125 0.8703125 0.084375 0.259375
4 0.3125 0.56875 0.08125 0.253125
4 0.30078125 0.2203125 0.084375 0.3
4 0.21328125 0.24609375 0.0828125 0.334375
4 0.24609375 0.55078125 0.065625 0.203125
4 0.259375 0.87578125 0.0765625 0.2484375
4 0.18828125 0.82109375 0.0796875 0.2859375
4 0.1703125 0.50859375 0.0640625 0.228125
4 0.13125 0.203125 0.0671875 0.2203125
4 0.06015625 0.225 0.0640625 0.209375
4 0.0953125 0.49140625 0.084375 0.253125
4 0.121875 0.815625 0.078125 0.290625