1 0.1359375 0.08125 0.15078125 0.09296875
1 0.321875 0.06171875 0.165625 0.09140625
1 0.51171875 0.065625 0.1328125 0.06484375
1 0.72265625 0.059375 0.13125 0.05625
1 0.88671875 0.053125 0.125 0.05390625
1 0.871875 0.1265625 0.171875 0.05
1 0.690625 0.1296875 0.18046875 0.071875
1 0.51953125 0.1421875 0.121875 0.06015625
1 0.36875 0.15078125 0.11328125 0.0578125
1 0.16328125 0.15234375 0.17265625 0.05390625
1 0.3140625 0.2015625 0.1015625 0.05
1 0.45234375 0.2078125 0.1484375 0.05703125
1 0.13984375 0.2109375 0.15546875 0.06171875
1 0.121875 0.28984375 0.12421875 0.0578125
1 0.2875 0.28203125 0.11796875 0.04765625
1 0.44453125 0.2625 0.125 0.0484375
1 0.6234375 0.2015625 0.13203125 0.04140625
1 0.83828125 0.19765625 0.18203125 0.05078125
1 0.81875 0.2546875 0.1796875 0.03671875
1 0.6265625 0.253125 0.134375 0.04765625
1 0.6265625 0.3484375 0.11484375 0.04140625
1 0.83984375 0.3390625 0.12734375 0.05234375
1 0.10546875 0.36171875 0.11796875 0.06328125
1 0.2890625 0.36328125 0.1296875 0.05546875
1 0.44375 0.3515625 0.12265625 0.046875
1 0.46171875 0.43203125 0.115625 0.05234375
1 0.659375 0.421875 0.16328125 0.05390625
1 0.8375 0.415625 0.15859375 0.04609375
1 0.10234375 0.440625 0.14140625 0.05390625
1 0.30546875 0.44140625 0.15390625 0.04453125
1 0.10625 0.52578125 0.13359375 0.040625
1 0.271875 0.5265625 0.09296875 0.0390625
1 0.4640625 0.5140625 0.15234375 0.04453125
1 0.646875 0.51015625 0.11796875 0.05
1 0.83359375 0.509375 0.1328125 0.05390625
1 0.8953125 0.59765625 0.16640625 0.06328125
1 0.6921875 0.60078125 0.16171875 0.0515625
1 0.515625 0.60234375 0.15625 0.053125
1 0.31640625 0.5953125 0.14140625 0.05390625
1 0.109375 0.59921875 0.1609375 0.06640625