1 0.16640625 0.05703125 0.15625 0.1046875
1 0.353125 0.05 0.171875 0.1
1 0.5421875 0.0671875 0.1375 0.075
1 0.753125 0.07578125 0.134375 0.065625
1 0.9171875 0.08125 0.128125 0.0609375
1 0.896875 0.153125 0.175 0.0625
1 0.715625 0.14375 0.1859375 0.084375
1 0.54453125 0.14453125 0.125 0.0671875
1 0.39375 0.1421875 0.115625 0.065625
1 0.18828125 0.1296875 0.175 0.065625
1 0.33515625 0.1890625 0.1046875 0.05625
1 0.47265625 0.20546875 0.1515625 0.0671875
1 0.1609375 0.18671875 0.1609375 0.0734375
1 0.1375 0.2640625 0.128125 0.065625
1 0.303125 0.26796875 0.121875 0.0546875
1 0.4609375 0.259375 0.128125 0.0578125
1 0.64375 0.2109375 0.134375 0.05
1 0.85859375 0.221875 0.184375 0.0625
1 0.83515625 0.27734375 0.18125 0.05
1 0.64375 0.2625 0.1375 0.05625
1 0.63671875 0.3578125 0.11875 0.0484375
1 0.85 0.36328125 0.13125 0.0625
1 0.11640625 0.334375 0.1234375 0.0703125
1 0.29921875 0.34921875 0.1328125 0.065625
1 0.45390625 0.34765625 0.125 0.0546875
1 0.46640625 0.4296875 0.11875 0.0609375
1 0.6640625 0.4328125 0.165625 0.0640625
1 0.8421875 0.4390625 0.1625 0.0578125
1 0.1078125 0.41328125 0.14375 0.0625
1 0.31015625 0.428125 0.15625 0.0546875
1 0.10546875 0.4984375 0.1375 0.05
1 0.2703125 0.5109375 0.096875 0.0453125
1 0.46328125 0.51171875 0.15625 0.0546875
1 0.64609375 0.5203125 0.121875 0.0578125
1 0.83203125 0.5328125 0.1359375 0.0625
1 0.8875 0.625 0.1703125 0.0734375
1 0.684375 0.6140625 0.165625 0.0625
1 0.50859375 0.603125 0.159375 0.0640625
1 0.31015625 0.58203125 0.14375 0.0625
1 0.103125 0.571875 0.165625 0.0765625