5 0.946875 0.19921875 0.10625 0.1546875
5 0.91796875 0.39609375 0.0875 0.1875
5 0.8828125 0.621875 0.0828125 0.1546875
5 0.8703125 0.82890625 0.090625 0.1328125
5 0.875 0.971875 0.090625 0.05625
5 0.77890625 0.96796875 0.075 0.05
5 0.77578125 0.840625 0.075 0.1703125
5 0.8 0.6125 0.0734375 0.15
5 0.83125 0.36015625 0.0640625 0.1171875
5 0.8546875 0.1671875 0.0734375 0.1296875
5 0.771875 0.16484375 0.0671875 0.1578125
5 0.74140625 0.4109375 0.0703125 0.11875
5 0.71015625 0.6203125 0.0765625 0.115625
5 0.6890625 0.8328125 0.0734375 0.11875
5 0.6875 0.96328125 0.0828125 0.0578125
5 0.5921875 0.96484375 0.0578125 0.05
5 0.60078125 0.83515625 0.06875 0.1421875
5 0.63359375 0.62421875 0.0578125 0.1203125
5 0.6671875 0.40390625 0.0734375 0.153125
5 0.69140625 0.15625 0.0734375 0.1734375
5 0.5984375 0.140625 0.0796875 0.1703125
5 0.59140625 0.3640625 0.0625 0.1046875
5 0.57578125 0.55234375 0.078125 0.1625
5 0.54609375 0.7453125 0.059375 0.1078125
5 0.5265625 0.9078125 0.059375 0.1109375
5 0.45546875 0.8953125 0.0765625 0.121875
5 0.46953125 0.74609375 0.0765625 0.1046875
5 0.4875 0.534375 0.06875 0.115625
5 0.50625 0.32421875 0.0671875 0.11875
5 0.51328125 0.1265625 0.075 0.159375
5 0.4328125 0.10703125 0.0765625 0.134375
5 0.4125 0.3125 0.06875 0.1109375
5 0.4046875 0.4875 0.0671875 0.125
5 0.3921875 0.69609375 0.0765625 0.153125
5 0.3765625 0.89140625 0.0640625 0.1203125
5 0.3015625 0.8484375 0.071875 0.115625
5 0.31875 0.646875 0.0703125 0.11875
5 0.33515625 0.46484375 0.065625 0.1
5 0.34140625 0.284375 0.0546875 0.1109375
5 0.3453125 0.08515625 0.0609375 0.1328125
5 0.27421875 0.0921875 0.075 0.1625
5 0.26484375 0.26875 0.0640625 0.09375
5 0.25 0.4328125 0.06875 0.1125
5 0.23203125 0.61171875 0.0765625 0.1515625
5 0.2109375 0.85 0.0703125 0.125
5 0.1453125 0.8125 0.0640625 0.121875
5 0.165625 0.59296875 0.0578125 0.1203125
5 0.178125 0.40703125 0.0640625 0.1015625
5 0.1921875 0.23515625 0.0625 0.1046875