4 0.9296875 0.2953125 0.140625 0.290625
4 0.91015625 0.65546875 0.1453125 0.2859375
4 0.87265625 0.91015625 0.1109375 0.1796875
4 0.78046875 0.86171875 0.1109375 0.2546875
4 0.81015625 0.5359375 0.1140625 0.2734375
4 0.81953125 0.2515625 0.1 0.2296875
4 0.72421875 0.29140625 0.125 0.3296875
4 0.7046875 0.571875 0.1078125 0.190625
4 0.68046875 0.84609375 0.1203125 0.26875
4 0.584375 0.85 0.1296875 0.2609375
4 0.60078125 0.55703125 0.1171875 0.246875
4 0.6140625 0.23828125 0.1296875 0.3375
4 0.5046875 0.2140625 0.1265625 0.278125
4 0.48671875 0.51484375 0.125 0.24375
4 0.46875 0.82421875 0.11875 0.234375
4 0.37421875 0.82421875 0.1203125 0.275
4 0.38203125 0.5125 0.1125 0.2734375
4 0.39453125 0.19296875 0.1140625 0.2828125
4 0.28515625 0.2171875 0.115625 0.290625
4 0.2734375 0.5140625 0.1140625 0.2453125
4 0.25 0.8140625 0.1140625 0.2546875
4 0.1609375 0.80546875 0.115625 0.2734375
4 0.184375 0.5109375 0.1 0.240625
4 0.20234375 0.1953125 0.1046875 0.278125
4 0.1109375 0.184375 0.1 0.2390625
4 0.1046875 0.5078125 0.1 0.296875
4 0.08046875 0.7984375 0.096875 0.26875