5 0.8890625 0.1265625 0.0984375 0.15
5 0.89375 0.325 0.075 0.184375
5 0.89765625 0.553125 0.0734375 0.1515625
5 0.921875 0.759375 0.0828125 0.128125
5 0.953125 0.90234375 0.0875 0.0578125
5 0.85546875 0.9125 0.071875 0.0453125
5 0.83125 0.7875 0.0625 0.16875
5 0.81484375 0.55859375 0.0640625 0.146875
5 0.8015625 0.3046875 0.05625 0.115625
5 0.79140625 0.1109375 0.065625 0.1265625
5 0.709375 0.12265625 0.05625 0.1546875
5 0.72265625 0.3703125 0.0625 0.115625
5 0.728125 0.58203125 0.0703125 0.1125
5 0.74375 0.79453125 0.0671875 0.115625
5 0.76484375 0.9234375 0.08125 0.053125
5 0.671875 0.94140625 0.0546875 0.046875
5 0.65703125 0.8125 0.0609375 0.140625
5 0.653125 0.59921875 0.05 0.1171875
5 0.64765625 0.3765625 0.0640625 0.15
5 0.62890625 0.128125 0.0625 0.171875
5 0.534375 0.12890625 0.0671875 0.1671875
5 0.56640625 0.35 0.0546875 0.103125
5 0.58359375 0.53828125 0.0671875 0.159375
5 0.58828125 0.73359375 0.0515625 0.1046875
5 0.596875 0.896875 0.053125 0.1078125
5 0.525 0.896875 0.06875 0.11875
5 0.51328125 0.74765625 0.0703125 0.1
5 0.49375 0.5359375 0.0625 0.1125
5 0.47578125 0.32578125 0.059375 0.115625
5 0.4484375 0.1296875 0.0640625 0.15625
5 0.365625 0.12421875 0.0671875 0.13125
5 0.38125 0.33046875 0.0609375 0.1078125
5 0.40390625 0.50390625 0.059375 0.121875
5 0.428125 0.71171875 0.0671875 0.15
5 0.44609375 0.90703125 0.05625 0.11875
5 0.36484375 0.878125 0.065625 0.1125
5 0.34765625 0.6765625 0.0625 0.115625
5 0.33125 0.49375 0.059375 0.096875
5 0.30625 0.315625 0.0484375 0.1078125
5 0.27578125 0.11796875 0.0515625 0.1296875
5 0.20703125 0.1375 0.0640625 0.159375
5 0.228125 0.31328125 0.0578125 0.090625
5 0.2421875 0.47734375 0.0625 0.109375
5 0.25546875 0.65703125 0.0671875 0.1484375
5 0.27578125 0.8953125 0.0625 0.121875
5 0.2046875 0.86875 0.05625 0.1203125
5 0.18671875 0.64921875 0.05 0.1171875
5 0.1671875 0.4640625 0.0578125 0.0984375
5 0.15078125 0.2921875 0.0546875 0.103125
5 0.15703125 0.02578125 0.0015625 0.0015625