3 0.16171875 0.07890625 0.23515625 0.11015625
3 0.52265625 0.0671875 0.2515625 0.13046875
3 0.828125 0.0640625 0.22578125 0.128125
3 0.71953125 0.17890625 0.19609375 0.0953125
3 0.45703125 0.1890625 0.21875 0.08984375
3 0.18359375 0.1890625 0.26484375 0.0859375
3 0.19296875 0.33828125 0.19921875 0.115625
3 0.48828125 0.30625 0.20078125 0.0828125
3 0.79921875 0.30234375 0.22578125 0.0953125
3 0.74296875 0.39453125 0.19375 0.07265625
3 0.8046875 0.475 0.22265625 0.065625
3 0.5765625 0.465625 0.190625 0.0671875
3 0.4453125 0.39921875 0.2046875 0.06484375
3 0.24140625 0.46953125 0.2609375 0.0609375
3 0.23125 0.5890625 0.22578125 0.0953125
3 0.48984375 0.56796875 0.24765625 0.0984375
3 0.815625 0.57109375 0.2140625 0.1046875
3 0.8296875 0.69453125 0.221875 0.1015625
3 0.5421875 0.67578125 0.25546875 0.0984375
3 0.228125 0.7 0.25546875 0.07421875
3 0.21640625 0.80390625 0.25078125 0.07578125
3 0.221875 0.91328125 0.2296875 0.07734375
3 0.46875 0.903125 0.2328125 0.0875
3 0.53671875 0.7953125 0.21484375 0.07578125
3 0.80625 0.78359375 0.24921875 0.09609375
3 0.765625 0.90546875 0.26875 0.08359375