2 0.1625 0.08671875 0.109375 0.140625
2 0.31015625 0.0984375 0.13125 0.0953125
2 0.528125 0.09609375 0.1078125 0.0875
2 0.79296875 0.115625 0.0984375 0.115625
2 0.9078125 0.1546875 0.0953125 0.078125
2 0.8046875 0.25390625 0.084375 0.103125
2 0.61171875 0.20859375 0.090625 0.13125
2 0.42890625 0.21328125 0.0859375 0.1265625
2 0.3015625 0.19375 0.08125 0.0953125
2 0.159375 0.2296875 0.134375 0.06875
2 0.13984375 0.30703125 0.1421875 0.078125
2 0.30390625 0.29296875 0.0921875 0.1
2 0.51640625 0.30390625 0.0765625 0.1171875
2 0.6953125 0.31015625 0.071875 0.0953125
2 0.91015625 0.31953125 0.1171875 0.0734375
2 0.93125 0.43125 0.0921875 0.1390625
2 0.79609375 0.4140625 0.078125 0.096875
2 0.61484375 0.4109375 0.0765625 0.1125
2 0.39609375 0.3984375 0.0796875 0.1078125
2 0.14765625 0.39140625 0.125 0.0765625
2 0.19453125 0.5015625 0.1421875 0.09375
2 0.40546875 0.50546875 0.084375 0.0984375
2 0.5640625 0.52109375 0.1046875 0.1125
2 0.7171875 0.51875 0.0875 0.103125
2 0.86875 0.53125 0.1578125 0.0765625
2 0.79609375 0.63203125 0.0734375 0.1046875
2 0.68359375 0.63203125 0.0609375 0.103125
2 0.51015625 0.62890625 0.159375 0.0640625
2 0.3546875 0.628125 0.109375 0.1046875
2 0.1765625 0.62578125 0.1078125 0.11875
2 0.159375 0.740625 0.1234375 0.0765625
2 0.28984375 0.7359375 0.10625 0.0875
2 0.47734375 0.7375 0.096875 0.0921875
2 0.603125 0.73046875 0.071875 0.0953125
2 0.73125 0.75625 0.096875 0.115625
2 0.77578125 0.86640625 0.1171875 0.0765625
2 0.58984375 0.84375 0.10625 0.09375
2 0.45703125 0.840625 0.11875 0.0546875
2 0.31171875 0.846875 0.1203125 0.1296875
2 0.13125 0.85 0.1328125 0.115625
2 0.1765625 0.94296875 0.159375 0.0609375
2 0.34609375 0.9421875 0.153125 0.0609375
2 0.51171875 0.9515625 0.1 0.059375
2 0.64453125 0.93828125 0.0875 0.0984375
2 0.8140625 0.953125 0.159375 0.0703125