0 0.07734375 0.0703125 0.0921875 0.06171875
0 0.2109375 0.05625 0.07890625 0.07109375
0 0.375 0.04296875 0.07265625 0.08515625
0 0.58203125 0.0390625 0.06328125 0.06796875
0 0.7046875 0.0328125 0.09453125 0.065625
0 0.81484375 0.03515625 0.065625 0.0703125
0 0.921875 0.08671875 0.0703125 0.0875
0 0.8109375 0.12109375 0.08046875 0.07734375
0 0.60546875 0.1171875 0.075 0.06640625
0 0.46796875 0.12578125 0.07578125 0.0734375
0 0.278125 0.146875 0.07890625 0.07421875
0 0.10546875 0.15703125 0.10390625 0.059375
0 0.16875 0.26875 0.07890625 0.0765625
0 0.30078125 0.25234375 0.0671875 0.07734375
0 0.4640625 0.240625 0.06328125 0.075
0 0.75234375 0.21484375 0.0921875 0.07578125
0 0.86484375 0.21171875 0.07109375 0.0828125
0 0.871875 0.2859375 0.07890625 0.06171875
0 0.759375 0.29296875 0.0859375 0.05859375
0 0.61796875 0.303125 0.08125 0.06875
0 0.61484375 0.22890625 0.07578125 0.07265625
0 0.49296875 0.321875 0.08125 0.07109375
0 0.38046875 0.33515625 0.08359375 0.053125
0 0.2515625 0.3484375 0.08359375 0.06015625
0 0.09921875 0.3625 0.0828125 0.0703125
0 0.17578125 0.44296875 0.0765625 0.06796875
0 0.34765625 0.4296875 0.084375 0.06484375
0 0.4859375 0.409375 0.09375 0.07109375
0 0.640625 0.3828125 0.078125 0.0765625
0 0.765625 0.3640625 0.096875 0.06015625
0 0.90546875 0.3640625 0.0828125 0.0671875
0 0.90859375 0.4671875 0.07890625 0.0765625
0 0.809375 0.4734375 0.10546875 0.0671875
0 0.65703125 0.48203125 0.0921875 0.05859375
0 0.4984375 0.5015625 0.11484375 0.06640625
0 0.35625 0.50625 0.096875 0.06875
0 0.18515625 0.52890625 0.11171875 0.0625
0 0.146875 0.609375 0.08671875 0.0640625
0 0.33203125 0.590625 0.115625 0.06875
0 0.4796875 0.57578125 0.09921875 0.0734375
0 0.64140625 0.565625 0.096875 0.07421875
0 0.81484375 0.56875 0.090625 0.06796875
0 0.91875 0.56640625 0.0859375 0.08515625
0 0.86640625 0.64453125 0.0859375 0.06015625
0 0.7296875 0.63671875 0.08671875 0.07265625
0 0.59296875 0.6515625 0.09453125 0.06640625
0 0.4453125 0.6640625 0.08359375 0.06796875
0 0.284375 0.67734375 0.0921875 0.059375
0 0.15625 0.6796875 0.07578125 0.06484375
0 0.17109375 0.75859375 0.075 0.05
0 0.334375 0.75234375 0.09375 0.06484375
0 0.46796875 0.73828125 0.09765625 0.06484375
0 0.6125 0.7234375 0.09375 0.06953125
0 0.7625 0.71328125 0.09453125 0.07734375
0 0.88359375 0.7203125 0.09140625 0.07421875
0 0.79140625 0.80859375 0.08828125 0.084375
0 0.60078125 0.81796875 0.0921875 0.0796875
0 0.46328125 0.83046875 0.1015625 0.07734375
0 0.30078125 0.85078125 0.09765625 0.07265625
0 0.1390625 0.87578125 0.09921875 0.07734375