3 0.8546875 0.8578125 0.290625 0.1375
3 0.51953125 0.9140625 0.253125 0.128125
3 0.25390625 0.95078125 0.2390625 0.0984375
3 0.18671875 0.85859375 0.2890625 0.140625
3 0.53203125 0.78671875 0.2671875 0.1359375
3 0.84453125 0.721875 0.3015625 0.1421875
3 0.7125 0.62109375 0.4125 0.146875
3 0.33828125 0.71328125 0.2984375 0.140625
3 0.10546875 0.67578125 0.153125 0.184375
3 0.315625 0.615625 0.275 0.11875
3 0.75234375 0.49140625 0.29375 0.1046875
3 0.3484375 0.53125 0.259375 0.1125
3 0.2328125 0.48046875 0.2234375 0.0953125
3 0.5015625 0.425 0.196875 0.0921875
3 0.7625 0.38359375 0.21875 0.1109375
3 0.7109375 0.28984375 0.2125 0.1
3 0.3609375 0.34140625 0.2390625 0.096875
3 0.07265625 0.41875 0.134375 0.1359375
3 0.0484375 0.2078125 0.096875 0.165625
3 0.13046875 0.10703125 0.1375 0.1421875
3 0.25234375 0.1640625 0.140625 0.146875
3 0.4546875 0.14453125 0.21875 0.1125
3 0.1984375 0.28828125 0.2109375 0.09375
3 0.47109375 0.234375 0.240625 0.09375
3 0.74921875 0.1703125 0.24375 0.10625
3 0.73125 0.07265625 0.240625 0.1078125