4 0.1890625 0.0796875 0.1859375 0.0984375
4 0.4234375 0.0734375 0.21640625 0.090625
4 0.72734375 0.059375 0.215625 0.08046875
4 0.8203125 0.1421875 0.271875 0.09765625
4 0.52890625 0.16640625 0.2203125 0.0828125
4 0.215625 0.18515625 0.2265625 0.0796875
4 0.15859375 0.27578125 0.11796875 0.0765625
4 0.46015625 0.25703125 0.30078125 0.07109375
4 0.80859375 0.25546875 0.25703125 0.07734375
4 0.81953125 0.33515625 0.2515625 0.0640625
4 0.49296875 0.34375 0.25234375 0.0828125
4 0.21796875 0.36171875 0.21015625 0.07578125
4 0.2203125 0.45078125 0.2109375 0.06796875
4 0.49609375 0.428125 0.25234375 0.071875
4 0.82578125 0.4328125 0.2609375 0.07109375
4 0.8453125 0.51796875 0.2921875 0.06953125
4 0.5125 0.52421875 0.1796875 0.07734375
4 0.24765625 0.5375 0.27734375 0.065625
4 0.23828125 0.6109375 0.2828125 0.059375
4 0.52734375 0.6015625 0.2203125 0.0609375
4 0.83671875 0.6 0.271875 0.06796875
4 0.865625 0.67421875 0.2625 0.0703125
4 0.55859375 0.690625 0.25078125 0.06953125
4 0.21015625 0.684375 0.29765625 0.06796875
4 0.23125 0.77265625 0.33203125 0.06484375
4 0.5375 0.75625 0.2 0.0546875
4 0.8625 0.76015625 0.2453125 0.0640625
4 0.8046875 0.828125 0.2828125 0.065625
4 0.49140625 0.8296875 0.22578125 0.053125
4 0.184375 0.85234375 0.2171875 0.05546875
4 0.20234375 0.925 0.20546875 0.053125
4 0.4703125 0.90390625 0.25 0.07109375
4 0.7953125 0.89375 0.28828125 0.0625