1 0.053125 0.83203125 0.096875 0.15625
1 0.07578125 0.5703125 0.1125 0.1765625
1 0.08359375 0.3265625 0.0953125 0.21875
1 0.08828125 0.11484375 0.0953125 0.171875
1 0.19296875 0.140625 0.096875 0.2234375
1 0.18359375 0.3828125 0.0734375 0.153125
1 0.17421875 0.5765625 0.0921875 0.165625
1 0.16640625 0.803125 0.065625 0.14375
1 0.25546875 0.809375 0.0890625 0.1703125
1 0.259375 0.625 0.071875 0.1109375
1 0.26796875 0.38125 0.078125 0.2375
1 0.290625 0.10546875 0.1 0.2109375
1 0.378125 0.09765625 0.0796875 0.1609375
1 0.35859375 0.26953125 0.0703125 0.1203125
1 0.35859375 0.4328125 0.071875 0.1375
1 0.34609375 0.62578125 0.08125 0.14375
1 0.3328125 0.84453125 0.065625 0.1421875
1 0.40390625 0.85703125 0.0671875 0.15
1 0.41328125 0.70390625 0.0625 0.1046875
1 0.41875 0.53046875 0.059375 0.10625
1 0.4265625 0.3515625 0.075 0.1484375
1 0.4359375 0.16484375 0.059375 0.1375
1 0.50625 0.14140625 0.06875 0.1734375
1 0.49140625 0.328125 0.0640625 0.125
1 0.49296875 0.4859375 0.059375 0.146875
1 0.48515625 0.67890625 0.0765625 0.1703125
1 0.48203125 0.87890625 0.0671875 0.1578125
1 0.55625 0.8703125 0.0578125 0.14375
1 0.56875 0.675 0.0671875 0.178125
1 0.56875 0.47734375 0.065625 0.1375
1 0.56796875 0.31015625 0.06875 0.1375
1 0.5828125 0.13125 0.075 0.1671875
1 0.64765625 0.13828125 0.0609375 0.16875
1 0.63984375 0.31484375 0.059375 0.13125
1 0.63359375 0.46015625 0.059375 0.1375
1 0.6328125 0.634375 0.0640625 0.1671875
1 0.63203125 0.84609375 0.0953125 0.2234375
1 0.70390625 0.853125 0.075 0.1671875
1 0.7 0.69453125 0.0625 0.1375
1 0.70546875 0.525 0.0609375 0.125
1 0.70078125 0.38203125 0.0578125 0.121875
1 0.7046875 0.2109375 0.08125 0.1328125
1 0.784375 0.109375 0.0671875 0.1515625
1 0.78125 0.2796875 0.059375 0.140625
1 0.775 0.43515625 0.059375 0.140625
1 0.77578125 0.5921875 0.059375 0.14375
1 0.77734375 0.7515625 0.065625 0.13125
1 0.77734375 0.90625 0.0796875 0.1109375
1 0.84140625 0.878125 0.0515625 0.1640625
1 0.84921875 0.71171875 0.053125 0.1328125
1 0.846875 0.56171875 0.05 0.1296875
1 0.85 0.38984375 0.0640625 0.125
1 0.84765625 0.23671875 0.075 0.1390625
1 0.909375 0.23515625 0.0578125 0.1640625
1 0.90234375 0.3875 0.0578125 0.115625
1 0.9078125 0.56015625 0.059375 0.175
1 0.90703125 0.7515625 0.053125 0.140625
1 0.9015625 0.91640625 0.0546875 0.14375